step 1
3  50 50 5  
3  50 50 5  
2  2  4  4  
1  1  1  1  
1  0  0  1  


step 2
3  50 50 5  
3  50 50 5  
2  2  4  4  
1  1  1  1  
1  0  1  0  


step 3
3  50 50 5  
3  50 50 5  
2  2  4  4  
1  1  1  1  
1  1  0  0  


step 4
3  50 50 5  
3  50 50 5  
2  2  4  4  
1  1  1  0  
1  1  0  1  


step 5
3  50 50 5  
3  50 50 5  
2  2  4  4  
1  1  1  0  
1  1  1  0  


step 6
3  50 50 5  
3  50 50 5  
2  2  4  4  
1  1  0  1  
1  1  1  0  


step 7
3  50 50 5  
3  50 50 5  
2  2  4  4  
1  1  0  1  
1  1  0  1  


step 8
3  50 50 5  
3  50 50 5  
2  2  4  4  
1  1  0  1  
1  0  1  1  


step 9
3  50 50 5  
3  50 50 5  
2  2  4  4  
1  1  0  1  
0  1  1  1  


step 10
3  50 50 5  
3  50 50 5  
2  2  4  4  
1  1  1  1  
0  1  0  1  


step 11
3  50 50 5  
3  50 50 5  
2  2  4  4  
1  1  1  1  
0  1  1  0  


step 12
3  50 50 5  
3  50 50 5  
2  2  4  4  
1  1  1  0  
0  1  1  1  


step 13
3  50 50 5  
3  50 50 5  
2  2  4  4  
1  1  1  0  
1  0  1  1  


step 14
3  50 50 5  
3  50 50 5  
2  2  4  4  
1  0  1  0  
1  1  1  1  


step 15
3  50 50 5  
3  50 50 5  
2  2  4  4  
1  0  1  1  
1  1  1  0  


step 16
3  50 50 5  
3  50 50 5  
2  2  4  4  
1  0  1  1  
1  1  0  1  


step 17
3  50 50 5  
3  50 50 5  
2  2  4  4  
1  0  1  1  
1  0  1  1  


step 18
3  50 50 5  
3  50 50 5  
2  2  4  4  
1  0  1  1  
0  1  1  1  


step 19
3  50 50 5  
3  50 50 5  
2  2  4  4  
1  1  1  1  
0  0  1  1  


step 20
3  50 50 5  
3  50 50 5  
2  2  4  4  
0  1  1  1  
1  0  1  1  


step 21
3  50 50 5  
3  50 50 5  
2  2  4  4  
0  1  1  1  
1  1  0  1  


step 22
3  50 50 5  
3  50 50 5  
2  2  4  4  
0  1  1  1  
1  1  1  0  


step 23
3  50 50 5  
3  50 50 5  
2  2  4  4  
0  1  1  0  
1  1  1  1  


step 24
3  50 50 5  
3  50 50 5  
2  2  4  4  
0  1  0  1  
1  1  1  1  


step 25
3  50 50 5  
3  50 50 5  
2  2  4  4  
0  0  1  1  
1  1  1  1  


step 26
3  50 50 5  
3  50 50 5  
0  0  4  4  
2  2  1  1  
1  1  1  1  


step 27
3  50 50 5  
3  50 50 5  
0  4  4  0  
2  2  1  1  
1  1  1  1  


step 28
3  50 50 5  
3  50 50 5  
0  4  4  1  
2  2  1  0  
1  1  1  1  


step 29
3  50 50 5  
3  50 50 5  
0  4  4  1  
2  2  1  1  
1  1  1  0  


step 30
3  50 50 5  
3  50 50 5  
0  4  4  1  
2  2  1  1  
1  1  0  1  


step 31
3  50 50 5  
3  50 50 5  
0  4  4  1  
2  2  1  1  
1  0  1  1  


step 32
3  50 50 5  
3  50 50 5  
0  4  4  1  
2  2  1  1  
0  1  1  1  


step 33
3  50 50 5  
3  50 50 5  
4  4  0  1  
2  2  1  1  
0  1  1  1  


step 34
3  50 50 5  
3  50 50 5  
4  4  0  1  
2  2  1  1  
1  0  1  1  


step 35
3  50 50 5  
3  50 50 5  
4  4  0  1  
2  2  1  1  
1  1  0  1  


step 36
3  50 50 5  
3  50 50 5  
4  4  0  1  
2  2  1  1  
1  1  1  0  


step 37
3  50 50 5  
3  50 50 5  
4  4  0  1  
2  2  1  0  
1  1  1  1  


step 38
3  50 50 5  
3  50 50 5  
4  4  0  1  
2  2  0  1  
1  1  1  1  


step 39
3  50 50 5  
3  50 50 5  
4  4  0  1  
0  2  2  1  
1  1  1  1  


step 40
3  50 50 5  
3  50 50 5  
4  4  0  1  
1  2  2  1  
0  1  1  1  


step 41
3  50 50 5  
3  50 50 5  
4  4  0  1  
1  2  2  1  
1  0  1  1  


step 42
3  50 50 5  
3  50 50 5  
4  4  0  1  
1  2  2  1  
1  1  0  1  


step 43
3  50 50 5  
3  50 50 5  
4  4  0  1  
1  2  2  1  
1  1  1  0  


step 44
3  50 50 5  
3  50 50 5  
4  4  0  1  
1  2  2  0  
1  1  1  1  


step 45
3  50 50 5  
3  50 50 5  
4  4  0  1  
1  0  2  2  
1  1  1  1  


step 46
3  50 50 5  
3  50 50 5  
4  4  0  1  
1  1  2  2  
1  0  1  1  


step 47
3  50 50 5  
3  50 50 5  
4  4  0  1  
1  1  2  2  
1  1  0  1  


step 48
3  50 50 5  
3  50 50 5  
4  4  0  1  
1  1  2  2  
1  1  1  0  


step 49
3  50 50 5  
3  50 50 5  
4  4  1  0  
1  1  2  2  
1  1  1  0  


step 50
3  50 50 5  
3  50 50 5  
4  4  1  0  
1  1  2  2  
1  1  0  1  


step 51
3  50 50 5  
3  50 50 5  
4  4  1  0  
1  1  2  2  
1  0  1  1  


step 52
3  50 50 5  
3  50 50 5  
4  4  1  0  
1  1  2  2  
0  1  1  1  


step 53
3  50 50 5  
3  50 50 5  
4  4  1  0  
0  1  2  2  
1  1  1  1  


step 54
3  50 50 5  
3  50 50 5  
4  4  1  0  
1  0  2  2  
1  1  1  1  


step 55
3  50 50 5  
3  50 50 5  
4  4  1  0  
1  2  2  0  
1  1  1  1  


step 56
3  50 50 5  
3  50 50 5  
4  4  1  0  
1  2  2  1  
1  1  1  0  


step 57
3  50 50 5  
3  50 50 5  
4  4  1  0  
1  2  2  1  
1  1  0  1  


step 58
3  50 50 5  
3  50 50 5  
4  4  1  0  
1  2  2  1  
1  0  1  1  


step 59
3  50 50 5  
3  50 50 5  
4  4  1  0  
1  2  2  1  
0  1  1  1  


step 60
3  50 50 5  
3  50 50 5  
4  4  1  1  
1  2  2  0  
0  1  1  1  


step 61
3  50 50 5  
3  50 50 5  
4  4  1  1  
1  2  2  1  
0  1  1  0  


step 62
3  50 50 5  
3  50 50 5  
4  4  1  1  
1  2  2  1  
0  1  0  1  


step 63
3  50 50 5  
3  50 50 5  
4  4  1  1  
1  2  2  1  
0  0  1  1  


step 64
3  50 50 5  
3  50 50 5  
4  4  1  1  
0  2  2  1  
1  0  1  1  


step 65
3  50 50 5  
3  50 50 5  
4  4  1  1  
0  2  2  1  
1  1  0  1  


step 66
3  50 50 5  
3  50 50 5  
4  4  1  1  
0  2  2  1  
1  1  1  0  


step 67
3  50 50 5  
3  50 50 5  
4  4  1  1  
0  2  2  0  
1  1  1  1  


step 68
3  50 50 5  
3  50 50 5  
4  4  1  1  
0  0  2  2  
1  1  1  1  


step 69
3  50 50 5  
3  50 50 5  
4  4  1  1  
0  1  2  2  
1  0  1  1  


step 70
3  50 50 5  
3  50 50 5  
4  4  1  1  
0  1  2  2  
1  1  0  1  


step 71
3  50 50 5  
3  50 50 5  
4  4  1  1  
0  1  2  2  
1  1  1  0  


step 72
3  50 50 5  
3  50 50 5  
4  4  1  1  
1  1  2  2  
0  1  1  0  


step 73
3  50 50 5  
3  50 50 5  
4  4  1  1  
1  1  2  2  
0  1  0  1  


step 74
3  50 50 5  
3  50 50 5  
4  4  1  1  
1  1  2  2  
0  0  1  1  


step 75
3  50 50 5  
3  50 50 5  
4  4  1  1  
1  0  2  2  
0  1  1  1  


step 76
3  50 50 5  
3  50 50 5  
4  4  1  1  
1  0  2  2  
1  0  1  1  


step 77
3  50 50 5  
3  50 50 5  
4  4  1  1  
1  0  2  2  
1  1  0  1  


step 78
3  50 50 5  
3  50 50 5  
4  4  1  1  
1  0  2  2  
1  1  1  0  


step 79
3  50 50 5  
3  50 50 5  
4  4  1  1  
1  1  2  2  
1  0  1  0  


step 80
3  50 50 5  
3  50 50 5  
4  4  1  1  
1  1  2  2  
1  1  0  0  


step 81
3  50 50 5  
3  50 50 5  
4  4  1  1  
1  1  0  0  
1  1  2  2  


step 82
3  50 50 5  
3  50 50 5  
4  4  1  1  
1  0  1  0  
1  1  2  2  


step 83
3  50 50 5  
3  50 50 5  
4  4  1  1  
1  1  1  0  
1  0  2  2  


step 84
3  50 50 5  
3  50 50 5  
4  4  1  1  
1  1  1  0  
1  2  2  0  


step 85
3  50 50 5  
3  50 50 5  
4  4  1  1  
1  1  0  1  
1  2  2  0  


step 86
3  50 50 5  
3  50 50 5  
4  4  1  1  
1  1  0  1  
1  0  2  2  


step 87
3  50 50 5  
3  50 50 5  
4  4  1  1  
1  1  0  1  
0  1  2  2  


step 88
3  50 50 5  
3  50 50 5  
4  4  1  1  
1  1  1  0  
0  1  2  2  


step 89
3  50 50 5  
3  50 50 5  
4  4  1  1  
0  1  1  0  
1  1  2  2  


step 90
3  50 50 5  
3  50 50 5  
4  4  1  1  
0  1  0  1  
1  1  2  2  


step 91
3  50 50 5  
3  50 50 5  
4  4  1  1  
0  0  1  1  
1  1  2  2  


step 92
3  50 50 5  
3  50 50 5  
4  4  1  1  
0  1  1  1  
1  0  2  2  


step 93
3  50 50 5  
3  50 50 5  
4  4  1  1  
0  1  1  1  
1  2  2  0  


step 94
3  50 50 5  
3  50 50 5  
4  4  1  1  
1  1  1  1  
0  2  2  0  


step 95
3  50 50 5  
3  50 50 5  
4  4  1  1  
1  1  1  1  
0  0  2  2  


step 96
3  50 50 5  
3  50 50 5  
4  4  1  1  
1  0  1  1  
0  1  2  2  


step 97
3  50 50 5  
3  50 50 5  
4  4  1  1  
1  0  1  1  
1  0  2  2  


step 98
3  50 50 5  
3  50 50 5  
4  4  1  1  
1  0  1  1  
1  2  2  0  


step 99
3  50 50 5  
3  50 50 5  
4  4  1  1  
1  0  1  0  
1  2  2  1  


step 100
3  50 50 5  
3  50 50 5  
4  4  1  1  
1  0  0  1  
1  2  2  1  


step 101
3  50 50 5  
3  50 50 5  
4  4  1  1  
0  1  0  1  
1  2  2  1  


step 102
3  50 50 5  
3  50 50 5  
4  4  1  1  
1  1  0  1  
0  2  2  1  


step 103
3  50 50 5  
3  50 50 5  
4  4  1  1  
1  1  0  1  
2  2  0  1  


step 104
3  50 50 5  
3  50 50 5  
4  4  1  1  
1  1  0  1  
2  2  1  0  


step 105
3  50 50 5  
3  50 50 5  
4  4  1  1  
1  1  1  1  
2  2  0  0  


step 106
3  50 50 5  
3  50 50 5  
4  4  1  1  
1  1  1  0  
2  2  0  1  


step 107
3  50 50 5  
3  50 50 5  
4  4  1  1  
1  1  1  0  
2  2  1  0  


step 108
3  50 50 5  
3  50 50 5  
4  4  1  0  
1  1  1  1  
2  2  1  0  


step 109
3  50 50 5  
3  50 50 5  
4  4  1  0  
1  1  1  1  
2  2  0  1  


step 110
3  50 50 5  
3  50 50 5  
4  4  1  0  
1  1  1  1  
0  2  2  1  


step 111
3  50 50 5  
3  50 50 5  
4  4  1  1  
1  1  1  0  
0  2  2  1  


step 112
3  50 50 5  
3  50 50 5  
4  4  1  1  
0  1  1  0  
1  2  2  1  


step 113
3  50 50 5  
3  50 50 5  
4  4  1  0  
0  1  1  1  
1  2  2  1  


step 114
3  50 50 5  
3  50 50 5  
4  4  1  0  
1  0  1  1  
1  2  2  1  


step 115
3  50 50 5  
3  50 50 5  
4  4  1  0  
1  1  0  1  
1  2  2  1  


step 116
3  50 50 5  
3  50 50 5  
4  4  1  0  
1  1  1  0  
1  2  2  1  


step 117
3  50 50 5  
3  50 50 5  
4  4  1  0  
1  1  1  1  
1  2  2  0  


step 118
3  50 50 5  
3  50 50 5  
4  4  1  0  
1  1  1  1  
1  0  2  2  


step 119
3  50 50 5  
3  50 50 5  
4  4  1  0  
1  1  1  1  
0  1  2  2  


step 120
3  50 50 5  
3  50 50 5  
4  4  1  0  
0  1  1  1  
1  1  2  2  


step 121
3  50 50 5  
3  50 50 5  
4  4  1  0  
1  0  1  1  
1  1  2  2  


step 122
3  50 50 5  
3  50 50 5  
4  4  1  0  
1  1  0  1  
1  1  2  2  


step 123
3  50 50 5  
3  50 50 5  
4  4  1  0  
1  1  1  0  
1  1  2  2  


step 124
3  50 50 5  
3  50 50 5  
4  4  0  1  
1  1  1  0  
1  1  2  2  


step 125
3  50 50 5  
3  50 50 5  
4  4  0  1  
1  1  0  1  
1  1  2  2  


step 126
3  50 50 5  
3  50 50 5  
4  4  0  1  
1  0  1  1  
1  1  2  2  


step 127
3  50 50 5  
3  50 50 5  
4  4  0  1  
1  1  1  1  
1  0  2  2  


step 128
3  50 50 5  
3  50 50 5  
4  4  0  1  
1  1  1  1  
1  2  2  0  


step 129
3  50 50 5  
3  50 50 5  
4  4  0  1  
1  1  1  0  
1  2  2  1  


step 130
3  50 50 5  
3  50 50 5  
4  4  0  1  
1  1  0  1  
1  2  2  1  


step 131
3  50 50 5  
3  50 50 5  
4  4  0  1  
1  0  1  1  
1  2  2  1  


step 132
3  50 50 5  
3  50 50 5  
4  4  0  1  
0  1  1  1  
1  2  2  1  


step 133
3  50 50 5  
3  50 50 5  
4  4  0  1  
1  1  1  1  
0  2  2  1  


step 134
3  50 50 5  
3  50 50 5  
4  4  0  1  
1  1  1  1  
2  2  0  1  


step 135
3  50 50 5  
3  50 50 5  
4  4  0  1  
1  1  1  1  
2  2  1  0  


step 136
3  50 50 5  
3  50 50 5  
4  4  0  1  
1  1  1  0  
2  2  1  1  


step 137
3  50 50 5  
3  50 50 5  
4  4  0  1  
1  1  0  1  
2  2  1  1  


step 138
3  50 50 5  
3  50 50 5  
4  4  0  1  
1  0  1  1  
2  2  1  1  


step 139
3  50 50 5  
3  50 50 5  
4  4  1  1  
1  0  0  1  
2  2  1  1  


step 140
3  50 50 5  
3  50 50 5  
4  4  1  1  
1  0  1  1  
2  2  0  1  


step 141
3  50 50 5  
3  50 50 5  
4  4  1  1  
1  0  1  1  
2  2  1  0  


step 142
3  50 50 5  
3  50 50 5  
4  4  1  1  
1  0  1  0  
2  2  1  1  


step 143
3  50 50 5  
3  50 50 5  
4  4  1  1  
1  1  0  0  
2  2  1  1  


step 144
3  50 50 5  
3  50 50 5  
4  4  1  0  
1  1  0  1  
2  2  1  1  


step 145
3  50 50 5  
3  50 50 5  
4  4  1  0  
1  1  1  0  
2  2  1  1  


step 146
3  50 50 0  
3  50 50 5  
4  4  1  5  
1  1  1  0  
2  2  1  1  


step 147
3  50 50 0  
3  50 50 5  
4  4  1  5  
1  1  1  1  
2  2  1  0  


step 148
3  50 50 0  
3  50 50 5  
4  4  1  5  
1  1  1  1  
2  2  0  1  


step 149
3  50 50 0  
3  50 50 5  
4  4  1  5  
1  1  1  1  
0  2  2  1  


step 150
3  50 50 0  
3  50 50 5  
4  4  1  5  
0  1  1  1  
1  2  2  1  


step 151
3  50 50 0  
3  50 50 5  
4  4  1  5  
1  0  1  1  
1  2  2  1  


step 152
3  50 50 0  
3  50 50 5  
4  4  1  5  
1  1  0  1  
1  2  2  1  


step 153
3  50 50 0  
3  50 50 5  
4  4  1  5  
1  1  1  0  
1  2  2  1  


step 154
3  50 50 0  
3  50 50 5  
4  4  1  5  
1  1  1  1  
1  2  2  0  


step 155
3  50 50 0  
3  50 50 5  
4  4  1  5  
1  1  1  1  
1  0  2  2  


step 156
3  50 50 0  
3  50 50 5  
4  4  1  5  
1  1  1  1  
0  1  2  2  


step 157
3  50 50 0  
3  50 50 5  
4  4  1  5  
0  1  1  1  
1  1  2  2  


step 158
3  50 50 0  
3  50 50 5  
4  4  1  5  
1  0  1  1  
1  1  2  2  


step 159
3  50 50 0  
3  50 50 5  
4  4  1  5  
1  1  0  1  
1  1  2  2  


step 160
3  50 50 0  
3  50 50 5  
4  4  0  5  
1  1  1  1  
1  1  2  2  


step 161
3  50 50 0  
3  50 50 5  
0  4  4  5  
1  1  1  1  
1  1  2  2  


step 162
3  50 50 0  
3  50 50 5  
1  4  4  5  
0  1  1  1  
1  1  2  2  


step 163
3  50 50 0  
3  50 50 5  
1  4  4  5  
1  1  1  1  
0  1  2  2  


step 164
3  50 50 0  
3  50 50 5  
1  4  4  5  
1  1  1  1  
1  0  2  2  


step 165
3  50 50 0  
3  50 50 5  
1  4  4  5  
1  1  1  1  
1  2  2  0  


step 166
3  50 50 0  
3  50 50 5  
1  4  4  5  
1  1  1  0  
1  2  2  1  


step 167
3  50 50 0  
3  50 50 5  
1  4  4  5  
1  1  0  1  
1  2  2  1  


step 168
3  50 50 0  
3  50 50 5  
1  4  4  5  
1  0  1  1  
1  2  2  1  


step 169
3  50 50 0  
3  50 50 5  
1  4  4  5  
0  1  1  1  
1  2  2  1  


step 170
3  50 50 0  
3  50 50 5  
1  4  4  5  
1  1  1  1  
0  2  2  1  


step 171
3  50 50 0  
3  50 50 5  
1  4  4  5  
1  1  1  1  
2  2  0  1  


step 172
3  50 50 0  
3  50 50 5  
1  4  4  5  
1  1  1  1  
2  2  1  0  


step 173
3  50 50 0  
3  50 50 5  
1  4  4  5  
1  1  1  0  
2  2  1  1  


step 174
3  50 50 0  
3  50 50 5  
1  4  4  5  
1  1  0  1  
2  2  1  1  


step 175
3  50 50 0  
3  50 50 5  
1  4  4  5  
1  0  1  1  
2  2  1  1  


step 176
3  50 50 0  
3  50 50 5  
1  4  4  5  
0  1  1  1  
2  2  1  1  


step 177
3  50 50 0  
3  50 50 5  
0  4  4  5  
1  1  1  1  
2  2  1  1  


step 178
3  50 50 0  
3  50 50 5  
4  4  0  5  
1  1  1  1  
2  2  1  1  


step 179
3  50 50 0  
3  50 50 5  
4  4  1  5  
1  1  0  1  
2  2  1  1  


step 180
3  50 50 0  
3  50 50 5  
4  4  1  5  
1  0  1  1  
2  2  1  1  


step 181
3  50 50 0  
3  50 50 5  
4  4  1  5  
0  1  1  1  
2  2  1  1  


step 182
3  50 50 5  
3  50 50 5  
4  4  1  0  
0  1  1  1  
2  2  1  1  


step 183
3  50 50 5  
3  50 50 5  
4  4  1  1  
0  1  1  0  
2  2  1  1  


step 184
3  50 50 5  
3  50 50 5  
4  4  1  1  
0  1  1  1  
2  2  1  0  


step 185
3  50 50 5  
3  50 50 5  
4  4  1  1  
0  1  1  1  
2  2  0  1  


step 186
3  50 50 5  
3  50 50 5  
4  4  1  1  
0  1  1  1  
0  2  2  1  


step 187
3  50 50 5  
3  50 50 5  
4  4  1  1  
1  0  1  1  
0  2  2  1  


step 188
3  50 50 5  
3  50 50 5  
4  4  1  1  
0  0  1  1  
1  2  2  1  


step 189
3  50 50 5  
3  50 50 5  
0  0  1  1  
4  4  1  1  
1  2  2  1  


step 190
3  50 50 5  
3  50 50 5  
0  1  0  1  
4  4  1  1  
1  2  2  1  


step 191
3  50 50 5  
3  50 50 5  
0  1  1  1  
4  4  0  1  
1  2  2  1  


step 192
3  50 50 5  
3  50 50 5  
0  1  1  1  
4  4  1  0  
1  2  2  1  


step 193
3  50 50 5  
3  50 50 5  
0  1  1  1  
4  4  1  1  
1  2  2  0  


step 194
3  50 50 5  
3  50 50 5  
0  1  1  1  
4  4  1  1  
1  0  2  2  


step 195
3  50 50 5  
3  50 50 5  
0  1  1  1  
4  4  1  1  
0  1  2  2  


step 196
3  50 50 5  
3  50 50 5  
1  0  1  1  
4  4  1  1  
0  1  2  2  


step 197
3  50 50 5  
3  50 50 5  
1  0  1  1  
4  4  1  1  
1  0  2  2  


step 198
3  50 50 5  
3  50 50 5  
1  0  1  1  
4  4  1  1  
1  2  2  0  


step 199
3  50 50 5  
3  50 50 5  
1  0  1  1  
4  4  1  0  
1  2  2  1  


step 200
3  50 50 5  
3  50 50 5  
1  0  1  1  
4  4  0  1  
1  2  2  1  


step 201
3  50 50 5  
3  50 50 5  
1  0  1  1  
0  4  4  1  
1  2  2  1  


step 202
3  50 50 5  
3  50 50 5  
1  0  1  1  
1  4  4  1  
0  2  2  1  


step 203
3  50 50 5  
3  50 50 5  
1  0  1  1  
1  4  4  1  
2  2  0  1  


step 204
3  50 50 5  
3  50 50 5  
1  0  1  1  
1  4  4  1  
2  2  1  0  


step 205
3  50 50 5  
3  50 50 5  
1  0  1  1  
1  4  4  0  
2  2  1  1  


step 206
3  50 50 5  
3  50 50 5  
1  0  1  1  
1  0  4  4  
2  2  1  1  


step 207
3  50 50 5  
3  50 50 5  
1  0  1  1  
0  1  4  4  
2  2  1  1  


step 208
3  50 50 5  
3  50 50 5  
1  1  1  1  
0  0  4  4  
2  2  1  1  


step 209
3  50 50 5  
3  50 50 5  
1  1  1  1  
2  2  4  4  
0  0  1  1  


step 210
3  50 50 5  
3  50 50 5  
1  1  1  1  
2  2  4  4  
0  1  0  1  


step 211
3  50 50 5  
3  50 50 5  
1  1  1  1  
2  2  4  4  
0  1  1  0  


step 212
3  50 50 5  
3  50 50 5  
1  1  1  1  
2  2  4  4  
1  0  1  0  


step 213
3  50 50 5  
3  50 50 5  
1  1  1  1  
2  2  4  4  
1  1  0  0  


step 214
3  50 50 5  
3  50 50 5  
1  1  1  1  
2  2  0  0  
1  1  4  4  


step 215
3  50 50 5  
3  50 50 5  
1  1  1  1  
0  2  2  0  
1  1  4  4  


step 216
3  50 50 5  
3  50 50 5  
1  1  1  1  
1  2  2  0  
0  1  4  4  


step 217
3  50 50 5  
3  50 50 5  
1  1  1  1  
1  2  2  0  
1  0  4  4  


step 218
3  50 50 5  
3  50 50 5  
1  1  1  1  
1  2  2  0  
1  4  4  0  


step 219
3  50 50 5  
3  50 50 5  
1  1  1  1  
1  0  2  2  
1  4  4  0  


step 220
3  50 50 5  
3  50 50 5  
1  1  1  1  
1  0  2  2  
1  0  4  4  


step 221
3  50 50 5  
3  50 50 5  
1  1  1  1  
1  0  2  2  
0  1  4  4  


step 222
3  50 50 5  
3  50 50 5  
1  1  1  1  
1  1  2  2  
0  0  4  4  


step 223
3  50 50 5  
3  50 50 5  
1  1  1  1  
1  1  2  2  
0  4  4  0  


step 224
3  50 50 5  
3  50 50 5  
1  1  1  1  
1  1  2  2  
4  4  0  0  


step 225
3  50 50 5  
3  50 50 5  
1  1  1  1  
1  1  0  0  
4  4  2  2  


step 226
3  50 50 5  
3  50 50 5  
1  1  1  1  
1  0  1  0  
4  4  2  2  


step 227
3  50 50 5  
3  50 50 5  
1  1  1  1  
1  0  0  1  
4  4  2  2  


step 228
3  50 50 5  
3  50 50 5  
1  1  1  1  
0  1  0  1  
4  4  2  2  


step 229
3  50 50 5  
3  50 50 5  
1  1  1  1  
0  1  1  0  
4  4  2  2  


step 230
3  50 50 5  
3  50 50 5  
1  1  1  0  
0  1  1  1  
4  4  2  2  


step 231
3  50 50 5  
3  50 50 5  
1  1  1  0  
1  0  1  1  
4  4  2  2  


step 232
3  50 50 5  
3  50 50 5  
1  1  1  0  
1  1  0  1  
4  4  2  2  


step 233
3  50 50 5  
3  50 50 5  
1  1  1  0  
1  1  1  0  
4  4  2  2  


step 234
3  50 50 5  
3  50 50 5  
1  1  0  1  
1  1  1  0  
4  4  2  2  


step 235
3  50 50 5  
3  50 50 5  
1  1  0  1  
1  1  0  1  
4  4  2  2  


step 236
3  50 50 5  
3  50 50 5  
1  1  0  1  
1  0  1  1  
4  4  2  2  


step 237
3  50 50 5  
3  50 50 5  
1  1  0  1  
0  1  1  1  
4  4  2  2  


step 238
3  50 50 5  
3  50 50 5  
1  0  1  1  
0  1  1  1  
4  4  2  2  


step 239
3  50 50 5  
3  50 50 5  
1  0  1  1  
1  0  1  1  
4  4  2  2  


step 240
3  50 50 5  
3  50 50 5  
1  0  1  1  
1  1  0  1  
4  4  2  2  


step 241
3  50 50 5  
3  50 50 5  
1  0  1  1  
1  1  1  0  
4  4  2  2  


step 242
3  50 50 5  
3  50 50 5  
1  0  1  0  
1  1  1  1  
4  4  2  2  


step 243
3  50 50 5  
3  50 50 5  
1  0  0  1  
1  1  1  1  
4  4  2  2  


step 244
3  50 50 5  
3  50 50 5  
0  1  0  1  
1  1  1  1  
4  4  2  2  


step 245
3  50 50 5  
3  50 50 5  
0  1  1  1  
1  1  0  1  
4  4  2  2  


step 246
3  50 50 5  
3  50 50 5  
0  1  1  1  
1  1  1  0  
4  4  2  2  


step 247
3  50 50 5  
3  50 50 5  
0  1  1  0  
1  1  1  1  
4  4  2  2  


step 248
3  50 50 0  
3  50 50 5  
0  1  1  5  
1  1  1  1  
4  4  2  2  


step 249
3  50 50 0  
3  50 50 5  
1  1  1  5  
0  1  1  1  
4  4  2  2  


step 250
3  50 50 0  
3  50 50 5  
1  1  1  5  
1  0  1  1  
4  4  2  2  


step 251
3  50 50 0  
3  50 50 5  
1  1  1  5  
1  1  0  1  
4  4  2  2  


step 252
3  50 50 0  
3  50 50 5  
1  1  1  5  
1  1  1  0  
4  4  2  2  


step 253
3  50 50 0  
3  50 50 0  
1  1  1  5  
1  1  1  5  
4  4  2  2  


step 254
3  0  50 50 
3  0  50 50 
1  1  1  5  
1  1  1  5  
4  4  2  2  


step 255
3  0  50 50 
3  1  50 50 
1  0  1  5  
1  1  1  5  
4  4  2  2  


step 256
3  0  50 50 
3  1  50 50 
1  1  1  5  
1  0  1  5  
4  4  2  2  


step 257
3  0  50 50 
3  1  50 50 
1  1  1  5  
1  1  0  5  
4  4  2  2  


step 258
3  0  50 50 
3  1  50 50 
1  1  0  5  
1  1  1  5  
4  4  2  2  


step 259
3  1  50 50 
3  0  50 50 
1  1  0  5  
1  1  1  5  
4  4  2  2  


step 260
3  1  50 50 
3  0  50 50 
1  1  1  5  
1  1  0  5  
4  4  2  2  


step 261
3  1  50 50 
3  0  50 50 
1  1  1  5  
1  0  1  5  
4  4  2  2  


step 262
3  1  50 50 
3  0  50 50 
1  1  1  5  
0  1  1  5  
4  4  2  2  


step 263
3  1  50 50 
3  1  50 50 
1  0  1  5  
0  1  1  5  
4  4  2  2  


step 264
3  1  50 50 
3  1  50 50 
1  0  1  5  
1  0  1  5  
4  4  2  2  


step 265
3  1  50 50 
3  1  50 50 
1  0  1  5  
1  1  0  5  
4  4  2  2  


step 266
3  1  50 50 
3  1  50 50 
1  1  1  5  
1  0  0  5  
4  4  2  2  


step 267
3  1  50 50 
3  1  50 50 
1  1  1  5  
0  1  0  5  
4  4  2  2  


step 268
3  1  50 50 
3  1  50 50 
1  1  1  5  
0  0  1  5  
4  4  2  2  


step 269
3  1  50 50 
3  1  50 50 
1  1  1  5  
4  4  1  5  
0  0  2  2  


step 270
3  1  50 50 
3  1  50 50 
1  1  1  5  
4  4  1  5  
0  2  2  0  


step 271
3  1  50 50 
3  1  50 50 
1  1  1  5  
4  4  1  5  
2  2  0  0  


step 272
3  1  50 50 
3  1  50 50 
1  1  1  5  
4  4  0  5  
2  2  1  0  


step 273
3  1  50 50 
3  1  50 50 
1  1  1  5  
4  4  0  5  
2  2  0  1  


step 274
3  1  50 50 
3  1  50 50 
1  1  1  5  
4  4  0  5  
0  2  2  1  


step 275
3  1  50 50 
3  1  50 50 
1  1  1  5  
0  4  4  5  
0  2  2  1  


step 276
3  1  50 50 
3  1  50 50 
1  1  1  5  
0  4  4  5  
2  2  0  1  


step 277
3  1  50 50 
3  1  50 50 
1  1  1  5  
0  4  4  5  
2  2  1  0  


step 278
3  1  50 50 
3  1  50 50 
1  1  1  0  
0  4  4  5  
2  2  1  5  


step 279
3  1  50 50 
3  1  50 50 
1  1  1  0  
4  4  0  5  
2  2  1  5  


step 280
3  1  50 50 
3  1  50 50 
1  1  1  0  
4  4  1  5  
2  2  0  5  


step 281
3  1  50 50 
3  1  50 50 
1  1  1  0  
4  4  1  5  
0  2  2  5  


step 282
3  1  50 50 
3  1  50 50 
1  1  0  1  
4  4  1  5  
0  2  2  5  


step 283
3  1  50 50 
3  1  50 50 
1  1  0  1  
4  4  1  5  
2  2  0  5  


step 284
3  1  50 50 
3  1  50 50 
1  1  0  1  
4  4  0  5  
2  2  1  5  


step 285
3  1  50 50 
3  1  50 50 
1  1  0  1  
0  4  4  5  
2  2  1  5  


step 286
3  1  50 50 
3  1  50 50 
1  0  1  1  
0  4  4  5  
2  2  1  5  


step 287
3  1  50 50 
3  1  50 50 
1  0  1  1  
4  4  0  5  
2  2  1  5  


step 288
3  1  50 50 
3  1  50 50 
1  0  1  1  
4  4  1  5  
2  2  0  5  


step 289
3  1  50 50 
3  1  50 50 
1  0  1  1  
4  4  1  5  
0  2  2  5  


step 290
3  1  50 50 
3  1  50 50 
0  1  1  1  
4  4  1  5  
0  2  2  5  


step 291
3  1  50 50 
3  1  50 50 
0  1  1  1  
4  4  1  5  
2  2  0  5  


step 292
3  1  50 50 
3  1  50 50 
0  1  1  1  
4  4  0  5  
2  2  1  5  


step 293
3  1  50 50 
3  1  50 50 
0  1  1  1  
0  4  4  5  
2  2  1  5  


step 294
0  1  50 50 
3  1  50 50 
3  1  1  1  
0  4  4  5  
2  2  1  5  


step 295
0  1  50 50 
3  1  50 50 
3  1  1  1  
4  4  0  5  
2  2  1  5  


step 296
0  1  50 50 
3  1  50 50 
3  1  1  1  
4  4  1  5  
2  2  0  5  


step 297
0  1  50 50 
3  1  50 50 
3  1  1  1  
4  4  1  5  
0  2  2  5  


step 298
1  0  50 50 
3  1  50 50 
3  1  1  1  
4  4  1  5  
0  2  2  5  


step 299
1  0  50 50 
3  1  50 50 
3  1  1  1  
4  4  1  5  
2  2  0  5  


step 300
1  0  50 50 
3  1  50 50 
3  1  1  1  
4  4  0  5  
2  2  1  5  


step 301
1  0  50 50 
3  1  50 50 
3  1  1  1  
0  4  4  5  
2  2  1  5  


step 302
1  1  50 50 
3  0  50 50 
3  1  1  1  
0  4  4  5  
2  2  1  5  


step 303
1  1  50 50 
3  0  50 50 
3  1  1  1  
4  4  0  5  
2  2  1  5  


step 304
1  1  50 50 
3  0  50 50 
3  1  1  1  
4  4  1  5  
2  2  0  5  


step 305
1  1  50 50 
3  0  50 50 
3  1  1  1  
4  4  1  5  
0  2  2  5  


step 306
1  1  50 50 
3  1  50 50 
3  0  1  1  
4  4  1  5  
0  2  2  5  


step 307
1  1  50 50 
3  1  50 50 
3  0  1  1  
4  4  1  5  
2  2  0  5  


step 308
1  1  50 50 
3  1  50 50 
3  0  1  1  
4  4  0  5  
2  2  1  5  


step 309
1  1  50 50 
3  1  50 50 
3  0  1  1  
0  4  4  5  
2  2  1  5  


step 310
1  1  50 50 
3  1  50 50 
3  1  0  1  
0  4  4  5  
2  2  1  5  


step 311
1  1  50 50 
3  1  50 50 
3  1  0  1  
4  4  0  5  
2  2  1  5  


step 312
1  1  50 50 
3  1  50 50 
3  1  0  1  
4  4  1  5  
2  2  0  5  


step 313
1  1  50 50 
3  1  50 50 
3  1  0  1  
4  4  1  5  
0  2  2  5  


step 314
1  1  50 50 
3  1  50 50 
3  1  1  1  
4  4  0  5  
0  2  2  5  


step 315
1  1  50 50 
3  1  50 50 
3  1  1  1  
4  4  0  5  
2  2  0  5  


step 316
1  1  50 50 
3  1  50 50 
3  1  1  1  
4  4  5  0  
2  2  5  0  


step 317
1  1  50 50 
3  1  50 50 
3  1  1  0  
4  4  5  1  
2  2  5  0  


step 318
1  1  50 50 
3  1  50 50 
3  1  1  0  
4  4  5  0  
2  2  5  1  


step 319
1  1  50 50 
3  1  50 50 
3  1  0  1  
4  4  5  0  
2  2  5  1  


step 320
1  1  50 50 
3  1  50 50 
3  1  0  1  
4  4  5  1  
2  2  5  0  


step 321
1  1  50 50 
3  1  50 50 
3  1  5  1  
4  4  5  1  
2  2  0  0  


step 322
1  1  50 50 
3  1  50 50 
3  1  5  1  
4  4  5  1  
0  2  2  0  


step 323
1  1  50 50 
3  1  50 50 
3  1  5  1  
4  4  5  1  
0  0  2  2  


step 324
1  1  50 50 
3  1  50 50 
3  1  5  1  
0  0  5  1  
4  4  2  2  


step 325
1  1  50 50 
3  1  50 50 
3  0  5  1  
0  1  5  1  
4  4  2  2  


step 326
1  1  50 50 
3  1  50 50 
3  0  5  1  
1  0  5  1  
4  4  2  2  


step 327
1  1  50 50 
3  1  50 50 
3  5  0  1  
1  5  0  1  
4  4  2  2  


step 328
1  1  50 50 
3  1  50 50 
3  5  0  1  
1  5  1  0  
4  4  2  2  


step 329
1  1  50 50 
3  1  50 50 
3  5  1  1  
1  5  0  0  
4  4  2  2  


step 330
1  1  50 50 
3  1  50 50 
3  5  1  1  
1  5  2  2  
4  4  0  0  


step 331
1  1  50 50 
3  1  50 50 
3  5  1  1  
1  5  2  2  
0  4  4  0  


step 332
1  1  50 50 
3  1  50 50 
3  5  1  1  
1  5  2  2  
0  0  4  4  


step 333
1  1  50 50 
3  1  50 50 
3  5  1  1  
0  5  2  2  
1  0  4  4  


step 334
1  1  50 50 
3  1  50 50 
3  5  1  1  
0  5  2  2  
1  4  4  0  


step 335
1  1  50 50 
0  1  50 50 
3  5  1  1  
3  5  2  2  
1  4  4  0  


step 336
1  1  50 50 
0  1  50 50 
3  5  1  1  
3  5  2  2  
1  0  4  4  


step 337
1  1  50 50 
0  1  50 50 
3  5  1  1  
3  5  2  2  
0  1  4  4  


step 338
1  1  50 50 
0  1  50 50 
0  5  1  1  
3  5  2  2  
3  1  4  4  


step 339
1  1  50 50 
1  0  50 50 
0  5  1  1  
3  5  2  2  
3  1  4  4  


step 340
1  1  50 50 
1  0  50 50 
3  5  1  1  
3  5  2  2  
0  1  4  4  


step 341
1  1  50 50 
1  0  50 50 
3  5  1  1  
3  5  2  2  
1  0  4  4  


step 342
1  1  50 50 
1  0  50 50 
3  5  1  1  
3  5  2  2  
1  4  4  0  


step 343
1  1  50 50 
1  5  50 50 
3  5  1  1  
3  0  2  2  
1  4  4  0  


step 344
1  1  50 50 
1  5  50 50 
3  5  1  1  
3  0  2  2  
1  0  4  4  


step 345
1  1  50 50 
1  5  50 50 
3  5  1  1  
3  0  2  2  
0  1  4  4  


step 346
1  1  50 50 
1  5  50 50 
3  5  1  1  
3  1  2  2  
0  0  4  4  


step 347
1  1  50 50 
1  5  50 50 
3  5  1  1  
3  1  2  2  
0  4  4  0  


step 348
1  1  50 50 
1  5  50 50 
3  5  1  1  
3  1  2  2  
4  4  0  0  


step 349
1  1  50 50 
1  5  50 50 
3  5  1  1  
3  1  0  0  
4  4  2  2  


step 350
1  1  50 50 
1  5  50 50 
3  5  1  1  
3  0  1  0  
4  4  2  2  


step 351
1  1  50 50 
1  5  50 50 
3  5  1  1  
3  0  0  1  
4  4  2  2  


step 352
1  1  50 50 
1  5  50 50 
3  5  0  1  
3  0  1  1  
4  4  2  2  


step 353
1  1  50 50 
1  5  50 50 
3  5  0  1  
3  1  0  1  
4  4  2  2  


step 354
1  1  50 50 
1  5  50 50 
3  5  0  1  
3  1  1  0  
4  4  2  2  


step 355
1  1  50 50 
1  5  50 50 
3  5  0  0  
3  1  1  1  
4  4  2  2  


step 356
1  1  0  0  
1  5  50 50 
3  5  50 50 
3  1  1  1  
4  4  2  2  


step 357
1  0  1  0  
1  5  50 50 
3  5  50 50 
3  1  1  1  
4  4  2  2  


step 358
1  5  1  0  
1  5  50 50 
3  0  50 50 
3  1  1  1  
4  4  2  2  


step 359
1  5  1  0  
1  5  50 50 
3  1  50 50 
3  0  1  1  
4  4  2  2  


step 360
1  5  1  0  
1  5  50 50 
3  1  50 50 
3  1  0  1  
4  4  2  2  


step 361
1  5  1  0  
1  5  50 50 
3  1  50 50 
3  1  1  0  
4  4  2  2  


step 362
1  5  0  1  
1  5  50 50 
3  1  50 50 
3  1  1  0  
4  4  2  2  


step 363
1  5  0  1  
1  5  50 50 
3  1  50 50 
3  1  0  1  
4  4  2  2  


step 364
1  5  0  1  
1  5  50 50 
3  1  50 50 
3  0  1  1  
4  4  2  2  


step 365
1  5  0  1  
1  5  50 50 
3  0  50 50 
3  1  1  1  
4  4  2  2  


step 366
1  0  0  1  
1  5  50 50 
3  5  50 50 
3  1  1  1  
4  4  2  2  


step 367
0  1  0  1  
1  5  50 50 
3  5  50 50 
3  1  1  1  
4  4  2  2  


step 368
1  1  0  1  
0  5  50 50 
3  5  50 50 
3  1  1  1  
4  4  2  2  


step 369
1  1  0  1  
3  5  50 50 
3  5  50 50 
0  1  1  1  
4  4  2  2  


step 370
1  1  0  1  
3  5  50 50 
3  5  50 50 
1  0  1  1  
4  4  2  2  


step 371
1  1  0  1  
3  5  50 50 
3  5  50 50 
1  1  0  1  
4  4  2  2  


step 372
1  1  0  1  
3  5  50 50 
3  5  50 50 
1  1  1  0  
4  4  2  2  


step 373
1  1  1  0  
3  5  50 50 
3  5  50 50 
1  1  1  0  
4  4  2  2  


step 374
1  1  1  0  
3  5  50 50 
3  5  50 50 
1  1  0  1  
4  4  2  2  


step 375
1  1  1  0  
3  5  50 50 
3  5  50 50 
1  0  1  1  
4  4  2  2  


step 376
1  1  1  0  
3  0  50 50 
3  5  50 50 
1  5  1  1  
4  4  2  2  


step 377
1  1  0  1  
3  0  50 50 
3  5  50 50 
1  5  1  1  
4  4  2  2  


step 378
1  0  0  1  
3  1  50 50 
3  5  50 50 
1  5  1  1  
4  4  2  2  


step 379
1  0  1  0  
3  1  50 50 
3  5  50 50 
1  5  1  1  
4  4  2  2  


step 380
0  1  1  0  
3  1  50 50 
3  5  50 50 
1  5  1  1  
4  4  2  2  


step 381
3  1  1  0  
3  1  50 50 
0  5  50 50 
1  5  1  1  
4  4  2  2  


step 382
3  1  1  0  
3  1  50 50 
1  5  50 50 
0  5  1  1  
4  4  2  2  


step 383
3  1  0  1  
3  1  50 50 
1  5  50 50 
0  5  1  1  
4  4  2  2  


step 384
3  1  0  1  
3  1  50 50 
0  5  50 50 
1  5  1  1  
4  4  2  2  


step 385
3  0  1  1  
3  1  50 50 
0  5  50 50 
1  5  1  1  
4  4  2  2  


step 386
3  0  1  1  
3  1  50 50 
1  5  50 50 
0  5  1  1  
4  4  2  2  


step 387
3  1  1  1  
3  0  50 50 
1  5  50 50 
0  5  1  1  
4  4  2  2  


step 388
3  1  1  1  
3  5  50 50 
1  5  50 50 
0  0  1  1  
4  4  2  2  


step 389
3  1  1  1  
3  5  50 50 
1  5  50 50 
4  4  1  1  
0  0  2  2  


step 390
3  1  1  1  
3  5  50 50 
1  5  50 50 
4  4  1  1  
0  2  2  0  


step 391
3  1  1  1  
3  5  50 50 
1  5  50 50 
4  4  1  1  
2  2  0  0  


step 392
3  1  1  1  
3  5  50 50 
1  5  50 50 
4  4  1  0  
2  2  0  1  


step 393
3  1  1  1  
3  5  50 50 
1  5  50 50 
4  4  1  0  
2  2  1  0  


step 394
3  1  1  1  
3  5  50 50 
1  5  50 50 
4  4  0  1  
2  2  1  0  


step 395
3  1  1  1  
3  5  50 50 
1  5  50 50 
4  4  0  1  
2  2  0  1  


step 396
3  1  1  1  
3  5  50 50 
1  5  50 50 
4  4  0  1  
0  2  2  1  


step 397
3  1  1  1  
3  5  50 50 
1  5  50 50 
0  4  4  1  
0  2  2  1  


step 398
3  1  1  1  
3  5  50 50 
1  5  50 50 
0  4  4  1  
2  2  0  1  


step 399
3  1  1  1  
3  5  50 50 
1  5  50 50 
0  4  4  1  
2  2  1  0  


step 400
3  1  1  1  
3  5  50 50 
1  5  50 50 
0  4  4  0  
2  2  1  1  


step 401
3  1  1  1  
3  5  50 50 
1  5  50 50 
0  0  4  4  
2  2  1  1  


step 402
3  1  1  1  
3  5  50 50 
1  5  50 50 
2  2  4  4  
0  0  1  1  


step 403
3  1  1  1  
3  5  50 50 
1  5  50 50 
2  2  4  4  
0  1  0  1  


step 404
3  1  1  1  
3  5  50 50 
1  5  50 50 
2  2  4  4  
0  1  1  0  


step 405
3  1  1  1  
3  5  50 50 
1  5  50 50 
2  2  4  4  
1  0  1  0  


step 406
3  1  1  1  
3  5  50 50 
1  5  50 50 
2  2  4  4  
1  1  0  0  


step 407
3  1  1  1  
3  5  50 50 
1  5  50 50 
2  2  0  0  
1  1  4  4  


step 408
3  1  1  1  
3  5  50 50 
1  5  50 50 
0  2  2  0  
1  1  4  4  


step 409
3  1  1  1  
3  5  50 50 
1  5  50 50 
1  2  2  0  
0  1  4  4  


step 410
3  1  1  1  
3  5  50 50 
1  5  50 50 
1  2  2  0  
1  0  4  4  


step 411
3  1  1  1  
3  5  50 50 
1  5  50 50 
1  2  2  0  
1  4  4  0  


step 412
3  1  1  1  
3  5  50 50 
1  5  50 50 
1  0  2  2  
1  4  4  0  


step 413
3  1  1  1  
3  5  50 50 
1  5  50 50 
1  0  2  2  
1  0  4  4  


step 414
3  1  1  1  
3  5  50 50 
1  5  50 50 
1  0  2  2  
0  1  4  4  


step 415
3  1  1  1  
3  5  50 50 
1  5  50 50 
1  1  2  2  
0  0  4  4  


step 416
3  1  1  1  
3  5  50 50 
1  5  50 50 
1  1  2  2  
0  4  4  0  


step 417
3  1  1  1  
3  5  50 50 
1  5  50 50 
1  1  2  2  
4  4  0  0  


step 418
3  1  1  1  
3  5  50 50 
1  5  50 50 
1  1  0  0  
4  4  2  2  


step 419
3  1  1  1  
3  5  50 50 
1  5  50 50 
1  0  1  0  
4  4  2  2  


step 420
3  1  1  1  
3  5  50 50 
1  5  50 50 
1  0  0  1  
4  4  2  2  


step 421
3  1  1  1  
3  5  50 50 
1  5  50 50 
0  1  0  1  
4  4  2  2  


step 422
3  1  1  1  
3  5  50 50 
1  5  50 50 
0  1  1  0  
4  4  2  2  


step 423
3  1  1  1  
3  5  50 50 
0  5  50 50 
1  1  1  0  
4  4  2  2  


step 424
3  1  1  1  
3  5  50 50 
0  5  50 50 
1  1  0  1  
4  4  2  2  


step 425
3  1  1  1  
3  5  50 50 
0  5  50 50 
1  0  1  1  
4  4  2  2  


step 426
3  1  1  1  
3  5  50 50 
0  5  50 50 
0  1  1  1  
4  4  2  2  


step 427
0  1  1  1  
3  5  50 50 
3  5  50 50 
0  1  1  1  
4  4  2  2  


step 428
0  1  1  1  
3  5  50 50 
3  5  50 50 
1  0  1  1  
4  4  2  2  


step 429
0  1  1  1  
3  5  50 50 
3  5  50 50 
1  1  0  1  
4  4  2  2  


step 430
0  1  1  1  
3  5  50 50 
3  5  50 50 
1  1  1  0  
4  4  2  2  


step 431
1  0  1  1  
3  5  50 50 
3  5  50 50 
1  1  1  0  
4  4  2  2  


step 432
1  0  1  1  
3  5  50 50 
3  5  50 50 
1  1  0  1  
4  4  2  2  


step 433
1  0  1  1  
3  5  50 50 
3  5  50 50 
1  0  1  1  
4  4  2  2  


step 434
1  0  1  1  
3  5  50 50 
3  5  50 50 
0  1  1  1  
4  4  2  2  


step 435
1  5  1  1  
3  5  50 50 
3  0  50 50 
0  1  1  1  
4  4  2  2  


step 436
1  5  1  1  
3  5  50 50 
3  0  50 50 
1  0  1  1  
4  4  2  2  


step 437
1  5  1  1  
3  5  50 50 
3  0  50 50 
1  1  0  1  
4  4  2  2  


step 438
1  5  1  1  
3  5  50 50 
3  0  50 50 
1  1  1  0  
4  4  2  2  


step 439
1  5  1  1  
3  5  50 50 
3  1  50 50 
1  0  1  0  
4  4  2  2  


step 440
1  5  1  1  
3  5  50 50 
3  1  50 50 
1  0  0  1  
4  4  2  2  


step 441
1  5  1  1  
3  5  50 50 
3  1  50 50 
0  1  0  1  
4  4  2  2  


step 442
1  5  1  1  
3  5  50 50 
3  1  50 50 
0  1  1  0  
4  4  2  2  


step 443
1  5  1  1  
0  5  50 50 
3  1  50 50 
3  1  1  0  
4  4  2  2  


step 444
1  5  1  1  
0  5  50 50 
3  1  50 50 
3  1  0  1  
4  4  2  2  


step 445
1  5  1  1  
0  5  50 50 
3  1  50 50 
3  0  1  1  
4  4  2  2  


step 446
1  5  1  1  
3  5  50 50 
3  1  50 50 
0  0  1  1  
4  4  2  2  


step 447
1  5  1  1  
3  5  50 50 
3  1  50 50 
4  4  1  1  
0  0  2  2  


step 448
1  5  1  1  
3  5  50 50 
3  1  50 50 
4  4  1  1  
0  2  2  0  


step 449
1  5  1  1  
3  5  50 50 
3  1  50 50 
4  4  1  1  
2  2  0  0  


step 450
1  5  1  1  
3  5  50 50 
3  1  50 50 
4  4  1  0  
2  2  0  1  


step 451
1  5  1  1  
3  5  50 50 
3  1  50 50 
4  4  1  0  
2  2  1  0  


step 452
1  5  1  1  
3  5  50 50 
3  1  50 50 
4  4  0  1  
2  2  1  0  


step 453
1  5  1  1  
3  5  50 50 
3  1  50 50 
4  4  0  1  
2  2  0  1  


step 454
1  5  1  1  
3  5  50 50 
3  1  50 50 
4  4  0  1  
0  2  2  1  


step 455
1  5  1  1  
3  5  50 50 
3  1  50 50 
0  4  4  1  
0  2  2  1  


step 456
1  5  1  1  
3  5  50 50 
3  1  50 50 
0  4  4  1  
2  2  0  1  


step 457
1  5  1  1  
3  5  50 50 
3  1  50 50 
0  4  4  1  
2  2  1  0  


step 458
1  5  1  1  
3  5  50 50 
3  1  50 50 
0  4  4  0  
2  2  1  1  


step 459
1  5  1  1  
3  5  50 50 
3  1  50 50 
4  4  0  0  
2  2  1  1  


step 460
1  5  1  1  
3  5  0  0  
3  1  50 50 
4  4  50 50 
2  2  1  1  


step 461
1  5  1  0  
3  5  0  1  
3  1  50 50 
4  4  50 50 
2  2  1  1  


step 462
1  5  1  0  
3  5  1  0  
3  1  50 50 
4  4  50 50 
2  2  1  1  


step 463
1  5  0  1  
3  5  1  0  
3  1  50 50 
4  4  50 50 
2  2  1  1  


step 464
1  5  0  1  
3  5  0  1  
3  1  50 50 
4  4  50 50 
2  2  1  1  


step 465
1  0  5  1  
3  0  5  1  
3  1  50 50 
4  4  50 50 
2  2  1  1  


step 466
1  0  5  1  
3  1  5  1  
3  0  50 50 
4  4  50 50 
2  2  1  1  


step 467
1  1  5  1  
3  0  5  1  
3  0  50 50 
4  4  50 50 
2  2  1  1  


step 468
1  1  5  1  
0  3  5  1  
0  3  50 50 
4  4  50 50 
2  2  1  1  


step 469
0  1  5  1  
1  3  5  1  
0  3  50 50 
4  4  50 50 
2  2  1  1  


step 470
0  1  5  1  
0  3  5  1  
1  3  50 50 
4  4  50 50 
2  2  1  1  


step 471
1  0  5  1  
0  3  5  1  
1  3  50 50 
4  4  50 50 
2  2  1  1  


step 472
1  0  5  1  
1  3  5  1  
0  3  50 50 
4  4  50 50 
2  2  1  1  


step 473
1  3  5  1  
1  3  5  1  
0  0  50 50 
4  4  50 50 
2  2  1  1  


step 474
1  3  5  1  
1  3  5  1  
4  4  50 50 
0  0  50 50 
2  2  1  1  


step 475
1  3  5  1  
1  3  5  1  
4  4  50 50 
2  2  50 50 
0  0  1  1  


step 476
1  3  5  1  
1  3  5  1  
4  4  50 50 
2  2  50 50 
0  1  0  1  


step 477
1  3  5  1  
1  3  5  1  
4  4  50 50 
2  2  50 50 
0  1  1  0  


step 478
1  3  5  1  
1  3  5  1  
4  4  50 50 
2  2  50 50 
1  0  1  0  


step 479
1  3  5  1  
1  3  5  1  
4  4  50 50 
2  2  50 50 
1  1  0  0  


step 480
1  3  5  1  
1  3  5  1  
4  4  0  0  
2  2  50 50 
1  1  50 50 


step 481
1  3  5  1  
1  3  5  1  
0  4  4  0  
2  2  50 50 
1  1  50 50 


step 482
1  3  5  1  
1  3  5  1  
0  0  4  4  
2  2  50 50 
1  1  50 50 


step 483
1  3  5  1  
1  3  5  1  
2  2  4  4  
0  0  50 50 
1  1  50 50 


step 484
1  3  5  1  
1  3  5  1  
2  2  4  4  
0  1  50 50 
1  0  50 50 


step 485
1  3  5  1  
1  3  5  1  
2  2  4  4  
0  1  50 50 
0  1  50 50 


step 486
1  3  5  1  
1  3  5  1  
2  2  4  4  
1  0  50 50 
0  1  50 50 


step 487
1  3  5  1  
1  3  5  1  
2  2  4  4  
1  0  50 50 
1  0  50 50 


step 488
1  3  5  1  
1  3  5  1  
2  2  4  4  
1  50 50 0  
1  50 50 0  


