step 1
1  50 50 1  
3  50 50 9  
3  1  1  9  
5  2  2  7  
5  0  0  7  


step 2
1  50 50 1  
3  50 50 9  
3  1  1  9  
5  0  0  7  
5  2  2  7  


step 3
1  50 50 1  
3  50 50 9  
3  1  0  9  
5  0  1  7  
5  2  2  7  


step 4
1  50 50 1  
3  50 50 9  
3  0  0  9  
5  1  1  7  
5  2  2  7  


step 5
1  0  0  1  
3  50 50 9  
3  50 50 9  
5  1  1  7  
5  2  2  7  


step 6
1  0  1  0  
3  50 50 9  
3  50 50 9  
5  1  1  7  
5  2  2  7  


step 7
1  0  1  9  
3  50 50 9  
3  50 50 0  
5  1  1  7  
5  2  2  7  


step 8
1  0  1  9  
3  50 50 9  
3  50 50 7  
5  1  1  7  
5  2  2  0  


step 9
1  0  1  9  
3  50 50 9  
3  50 50 7  
5  1  1  7  
5  0  2  2  


step 10
1  0  1  9  
3  50 50 9  
3  50 50 7  
5  0  1  7  
5  1  2  2  


step 11
1  0  1  9  
3  50 50 9  
3  50 50 7  
5  1  0  7  
5  1  2  2  


step 12
0  1  1  9  
3  50 50 9  
3  50 50 7  
5  1  0  7  
5  1  2  2  


step 13
3  1  1  9  
3  50 50 9  
0  50 50 7  
5  1  0  7  
5  1  2  2  


step 14
3  1  1  9  
3  50 50 9  
5  50 50 7  
5  1  0  7  
0  1  2  2  


step 15
3  1  1  9  
3  50 50 9  
5  50 50 7  
5  1  0  7  
1  0  2  2  


step 16
3  1  1  9  
3  50 50 9  
5  50 50 7  
5  0  0  7  
1  1  2  2  


step 17
3  1  1  9  
3  0  0  9  
5  50 50 7  
5  50 50 7  
1  1  2  2  


step 18
3  1  0  9  
3  0  1  9  
5  50 50 7  
5  50 50 7  
1  1  2  2  


step 19
3  0  1  9  
3  0  1  9  
5  50 50 7  
5  50 50 7  
1  1  2  2  


step 20
0  3  1  9  
0  3  1  9  
5  50 50 7  
5  50 50 7  
1  1  2  2  


step 21
0  3  1  9  
5  3  1  9  
5  50 50 7  
0  50 50 7  
1  1  2  2  


step 22
5  3  1  9  
5  3  1  9  
0  50 50 7  
0  50 50 7  
1  1  2  2  


step 23
5  3  1  9  
5  3  1  9  
50 50 0  7  
50 50 0  7  
1  1  2  2  


step 24
5  3  1  9  
5  3  1  9  
50 50 7  0  
50 50 7  0  
1  1  2  2  


step 25
5  3  1  0  
5  3  1  9  
50 50 7  9  
50 50 7  0  
1  1  2  2  


step 26
5  3  0  1  
5  3  1  9  
50 50 7  9  
50 50 7  0  
1  1  2  2  


step 27
5  3  1  1  
5  3  0  9  
50 50 7  9  
50 50 7  0  
1  1  2  2  


step 28
5  3  1  1  
5  3  7  9  
50 50 7  9  
50 50 0  0  
1  1  2  2  


step 29
5  3  1  1  
5  3  7  9  
50 50 7  9  
50 50 2  2  
1  1  0  0  


step 30
5  3  1  1  
5  3  7  9  
50 50 7  9  
50 50 2  2  
1  0  1  0  


step 31
5  3  1  1  
5  3  7  9  
50 50 7  9  
50 50 2  2  
1  0  0  1  


step 32
5  3  1  1  
5  3  7  9  
50 50 7  9  
50 50 2  2  
0  1  0  1  


step 33
5  3  1  1  
5  3  7  9  
50 50 7  9  
50 50 2  2  
0  0  1  1  


step 34
5  3  1  1  
5  3  7  9  
0  0  7  9  
50 50 2  2  
50 50 1  1  


step 35
5  0  1  1  
5  3  7  9  
0  3  7  9  
50 50 2  2  
50 50 1  1  


step 36
5  1  0  1  
5  3  7  9  
0  3  7  9  
50 50 2  2  
50 50 1  1  


step 37
5  1  1  0  
5  3  7  9  
0  3  7  9  
50 50 2  2  
50 50 1  1  


step 38
5  1  1  9  
5  3  7  9  
0  3  7  0  
50 50 2  2  
50 50 1  1  


step 39
0  1  1  9  
5  3  7  9  
5  3  7  0  
50 50 2  2  
50 50 1  1  


step 40
1  0  1  9  
5  3  7  9  
5  3  7  0  
50 50 2  2  
50 50 1  1  


step 41
1  1  0  9  
5  3  7  9  
5  3  7  0  
50 50 2  2  
50 50 1  1  


step 42
1  1  7  9  
5  3  7  9  
5  3  0  0  
50 50 2  2  
50 50 1  1  


step 43
1  1  7  9  
5  3  7  9  
5  3  2  2  
50 50 0  0  
50 50 1  1  


step 44
1  1  7  9  
5  3  7  9  
5  3  2  2  
50 50 0  1  
50 50 1  0  


step 45
1  1  7  9  
5  3  7  9  
5  3  2  2  
50 50 0  1  
50 50 0  1  


step 46
1  1  7  9  
5  3  7  9  
5  3  2  2  
0  50 50 1  
0  50 50 1  


