step 1
3  50 50 7  
3  50 50 7  
5  2  2  9  
5  1  1  9  
1  0  0  1  


step 2
3  50 50 7  
3  50 50 7  
5  2  2  9  
5  1  1  9  
1  0  1  0  


step 3
3  50 50 7  
3  50 50 7  
5  2  2  9  
5  1  1  9  
0  1  1  0  


step 4
3  50 50 7  
3  50 50 7  
5  2  2  0  
5  1  1  9  
0  1  1  9  


step 5
3  50 50 7  
3  50 50 7  
5  0  2  2  
5  1  1  9  
0  1  1  9  


step 6
3  50 50 7  
3  50 50 7  
5  1  2  2  
5  0  1  9  
0  1  1  9  


step 7
3  50 50 7  
3  50 50 7  
0  1  2  2  
5  0  1  9  
5  1  1  9  


step 8
3  50 50 7  
3  50 50 7  
1  0  2  2  
5  0  1  9  
5  1  1  9  


step 9
3  50 50 7  
3  50 50 7  
1  2  2  0  
5  0  1  9  
5  1  1  9  


step 10
3  50 50 7  
3  50 50 7  
1  2  2  9  
5  0  1  9  
5  1  1  0  


step 11
3  50 50 7  
3  50 50 7  
1  2  2  9  
5  0  1  9  
5  1  0  1  


step 12
3  50 50 7  
3  50 50 7  
1  2  2  9  
5  0  1  9  
5  0  1  1  


step 13
3  50 50 7  
3  50 50 7  
1  2  2  9  
0  5  1  9  
0  5  1  1  


step 14
3  50 50 7  
3  50 50 7  
0  2  2  9  
1  5  1  9  
0  5  1  1  


step 15
3  50 50 7  
3  50 50 7  
0  2  2  9  
0  5  1  9  
1  5  1  1  


step 16
3  50 50 7  
3  50 50 7  
2  2  0  9  
0  5  1  9  
1  5  1  1  


step 17
3  50 50 7  
3  50 50 7  
2  2  1  9  
0  5  0  9  
1  5  1  1  


step 18
3  50 50 7  
3  50 50 7  
2  2  1  9  
0  5  1  9  
1  5  0  1  


step 19
3  50 50 7  
3  50 50 7  
2  2  1  9  
0  5  1  9  
1  5  1  0  


step 20
3  50 50 7  
3  50 50 7  
2  2  1  0  
0  5  1  9  
1  5  1  9  


step 21
3  50 50 7  
3  50 50 7  
2  2  0  1  
0  5  1  9  
1  5  1  9  


step 22
3  50 50 7  
3  50 50 7  
0  2  2  1  
0  5  1  9  
1  5  1  9  


step 23
0  50 50 7  
3  50 50 7  
3  2  2  1  
0  5  1  9  
1  5  1  9  


step 24
0  50 50 7  
0  50 50 7  
3  2  2  1  
3  5  1  9  
1  5  1  9  


step 25
50 50 0  7  
50 50 0  7  
3  2  2  1  
3  5  1  9  
1  5  1  9  


step 26
50 50 7  0  
50 50 7  0  
3  2  2  1  
3  5  1  9  
1  5  1  9  


step 27
50 50 7  0  
50 50 7  1  
3  2  2  0  
3  5  1  9  
1  5  1  9  


step 28
50 50 7  0  
50 50 7  1  
3  2  2  9  
3  5  1  9  
1  5  1  0  


step 29
50 50 7  0  
50 50 7  1  
3  2  2  9  
3  5  1  9  
1  5  0  1  


step 30
50 50 7  1  
50 50 7  0  
3  2  2  9  
3  5  1  9  
1  5  0  1  


step 31
50 50 7  1  
50 50 7  9  
3  2  2  9  
3  5  1  0  
1  5  0  1  


step 32
50 50 7  1  
50 50 7  9  
3  2  2  9  
3  5  0  1  
1  5  0  1  


step 33
50 50 7  1  
50 50 7  9  
3  2  2  9  
3  0  5  1  
1  0  5  1  


step 34
50 50 7  1  
50 50 7  9  
3  2  2  9  
3  0  5  1  
0  1  5  1  


step 35
50 50 7  1  
50 50 7  9  
3  2  2  9  
3  1  5  1  
0  0  5  1  


step 36
50 50 7  1  
50 50 7  9  
0  2  2  9  
3  1  5  1  
3  0  5  1  


step 37
50 50 7  1  
50 50 7  9  
2  2  0  9  
3  1  5  1  
3  0  5  1  


step 38
50 50 7  1  
50 50 7  9  
2  2  5  9  
3  1  5  1  
3  0  0  1  


step 39
50 50 7  1  
50 50 7  9  
2  2  5  9  
3  1  5  1  
3  0  1  0  


step 40
50 50 7  1  
50 50 7  9  
2  2  5  9  
3  1  5  1  
3  1  0  0  


step 41
50 50 7  1  
50 50 7  9  
2  2  0  9  
3  1  5  1  
3  1  5  0  


step 42
50 50 0  1  
50 50 7  9  
2  2  7  9  
3  1  5  1  
3  1  5  0  


step 43
50 50 1  0  
50 50 7  9  
2  2  7  9  
3  1  5  1  
3  1  5  0  


step 44
50 50 1  9  
50 50 7  9  
2  2  7  0  
3  1  5  1  
3  1  5  0  


step 45
50 50 1  9  
50 50 7  9  
2  2  7  1  
3  1  5  0  
3  1  5  0  


step 46
50 50 1  9  
50 50 7  9  
2  2  7  1  
3  1  0  5  
3  1  0  5  


step 47
50 50 1  9  
50 50 0  9  
2  2  7  1  
3  1  7  5  
3  1  0  5  


step 48
50 50 1  9  
50 50 0  9  
2  2  0  1  
3  1  7  5  
3  1  7  5  


step 49
50 50 1  9  
50 50 0  9  
2  2  1  0  
3  1  7  5  
3  1  7  5  


step 50
50 50 1  9  
50 50 1  9  
2  2  0  0  
3  1  7  5  
3  1  7  5  


step 51
50 50 1  9  
50 50 1  9  
0  2  2  0  
3  1  7  5  
3  1  7  5  


step 52
50 50 1  9  
50 50 1  9  
3  2  2  0  
3  1  7  5  
0  1  7  5  


step 53
50 50 1  9  
50 50 1  9  
3  2  2  0  
3  1  7  5  
1  0  7  5  


step 54
50 50 1  9  
50 50 1  9  
3  2  2  0  
3  0  7  5  
1  1  7  5  


step 55
50 50 1  9  
50 50 1  9  
3  0  2  2  
3  0  7  5  
1  1  7  5  


step 56
50 50 1  9  
50 50 1  9  
0  3  2  2  
0  3  7  5  
1  1  7  5  


step 57
50 50 1  9  
50 50 1  9  
0  3  2  2  
1  3  7  5  
0  1  7  5  


step 58
50 50 1  9  
50 50 1  9  
0  3  2  2  
1  3  7  5  
1  0  7  5  


step 59
50 50 1  9  
50 50 1  9  
0  0  2  2  
1  3  7  5  
1  3  7  5  


step 60
50 50 1  9  
50 50 1  9  
0  2  2  0  
1  3  7  5  
1  3  7  5  


step 61
50 50 1  9  
50 50 1  9  
2  2  0  0  
1  3  7  5  
1  3  7  5  


step 62
50 50 1  9  
50 50 1  9  
2  2  7  0  
1  3  7  5  
1  3  0  5  


step 63
50 50 1  0  
50 50 1  9  
2  2  7  9  
1  3  7  5  
1  3  0  5  


step 64
50 50 0  1  
50 50 1  9  
2  2  7  9  
1  3  7  5  
1  3  0  5  


step 65
50 50 1  1  
50 50 0  9  
2  2  7  9  
1  3  7  5  
1  3  0  5  


step 66
50 50 1  1  
50 50 7  9  
2  2  7  9  
1  3  0  5  
1  3  0  5  


step 67
50 50 1  1  
50 50 7  9  
2  2  7  9  
1  0  3  5  
1  0  3  5  


step 68
50 50 1  1  
50 50 7  9  
2  2  7  9  
1  0  3  5  
0  1  3  5  


step 69
50 50 1  1  
50 50 7  9  
2  2  7  9  
0  0  3  5  
1  1  3  5  


step 70
50 50 1  1  
50 50 7  9  
0  0  7  9  
2  2  3  5  
1  1  3  5  


step 71
0  0  1  1  
50 50 7  9  
50 50 7  9  
2  2  3  5  
1  1  3  5  


step 72
0  1  0  1  
50 50 7  9  
50 50 7  9  
2  2  3  5  
1  1  3  5  


step 73
0  1  1  0  
50 50 7  9  
50 50 7  9  
2  2  3  5  
1  1  3  5  


step 74
0  1  1  9  
50 50 7  9  
50 50 7  0  
2  2  3  5  
1  1  3  5  


step 75
0  1  1  9  
50 50 7  9  
50 50 7  5  
2  2  3  5  
1  1  3  0  


step 76
1  0  1  9  
50 50 7  9  
50 50 7  5  
2  2  3  5  
1  1  3  0  


step 77
1  1  0  9  
50 50 7  9  
50 50 7  5  
2  2  3  5  
1  1  3  0  


step 78
1  1  7  9  
50 50 7  9  
50 50 0  5  
2  2  3  5  
1  1  3  0  


step 79
1  1  7  9  
50 50 7  9  
50 50 3  5  
2  2  3  5  
1  1  0  0  


step 80
1  1  7  9  
50 50 7  9  
50 50 3  5  
2  2  3  5  
1  0  1  0  


step 81
1  1  7  9  
50 50 7  9  
50 50 3  5  
2  2  3  5  
1  0  0  1  


step 82
1  1  7  9  
50 50 7  9  
50 50 3  5  
2  2  3  5  
0  1  0  1  


step 83
1  1  7  9  
50 50 7  9  
50 50 3  5  
2  2  3  5  
0  0  1  1  


step 84
1  1  7  9  
50 50 7  9  
50 50 3  5  
0  0  3  5  
2  2  1  1  


step 85
1  1  7  9  
0  0  7  9  
50 50 3  5  
50 50 3  5  
2  2  1  1  


step 86
1  0  7  9  
0  1  7  9  
50 50 3  5  
50 50 3  5  
2  2  1  1  


step 87
1  0  7  9  
1  0  7  9  
50 50 3  5  
50 50 3  5  
2  2  1  1  


step 88
1  7  0  9  
1  7  0  9  
50 50 3  5  
50 50 3  5  
2  2  1  1  


step 89
1  7  0  9  
1  7  3  9  
50 50 3  5  
50 50 0  5  
2  2  1  1  


step 90
1  7  3  9  
1  7  3  9  
50 50 0  5  
50 50 0  5  
2  2  1  1  


step 91
1  7  3  9  
1  7  3  9  
0  50 50 5  
0  50 50 5  
2  2  1  1  


step 92
1  7  3  9  
0  7  3  9  
1  50 50 5  
0  50 50 5  
2  2  1  1  


step 93
1  7  3  9  
0  7  3  9  
0  50 50 5  
1  50 50 5  
2  2  1  1  


step 94
0  7  3  9  
1  7  3  9  
0  50 50 5  
1  50 50 5  
2  2  1  1  


step 95
0  7  3  9  
0  7  3  9  
1  50 50 5  
1  50 50 5  
2  2  1  1  


step 96
7  0  3  9  
7  0  3  9  
1  50 50 5  
1  50 50 5  
2  2  1  1  


step 97
7  3  0  9  
7  3  0  9  
1  50 50 5  
1  50 50 5  
2  2  1  1  


step 98
7  3  9  0  
7  3  9  0  
1  50 50 5  
1  50 50 5  
2  2  1  1  


step 99
7  3  9  0  
7  3  9  5  
1  50 50 5  
1  50 50 0  
2  2  1  1  


step 100
7  3  9  5  
7  3  9  5  
1  50 50 0  
1  50 50 0  
2  2  1  1  


step 101
7  3  9  5  
7  3  9  5  
1  0  50 50 
1  0  50 50 
2  2  1  1  


step 102
7  3  9  5  
7  3  9  5  
1  0  50 50 
0  1  50 50 
2  2  1  1  


step 103
7  3  9  5  
7  3  9  5  
1  1  50 50 
0  0  50 50 
2  2  1  1  


step 104
7  3  9  5  
7  3  9  5  
1  1  50 50 
2  2  50 50 
0  0  1  1  


step 105
7  3  9  5  
7  3  9  5  
1  1  50 50 
2  2  50 50 
0  1  0  1  


step 106
7  3  9  5  
7  3  9  5  
1  1  50 50 
2  2  50 50 
0  1  1  0  


step 107
7  3  9  5  
7  3  9  5  
1  1  50 50 
2  2  50 50 
1  0  1  0  


step 108
7  3  9  5  
7  3  9  5  
1  1  50 50 
2  2  50 50 
1  1  0  0  


step 109
7  3  9  5  
7  3  9  5  
1  1  0  0  
2  2  50 50 
1  1  50 50 


step 110
7  3  9  5  
7  3  9  5  
1  0  1  0  
2  2  50 50 
1  1  50 50 


step 111
7  3  9  5  
7  3  9  5  
1  0  0  1  
2  2  50 50 
1  1  50 50 


step 112
7  3  9  5  
7  3  9  5  
0  1  0  1  
2  2  50 50 
1  1  50 50 


step 113
7  3  9  5  
7  3  9  5  
0  0  1  1  
2  2  50 50 
1  1  50 50 


step 114
7  3  9  5  
7  3  9  5  
2  2  1  1  
0  0  50 50 
1  1  50 50 


step 115
7  3  9  5  
7  3  9  5  
2  2  1  1  
0  1  50 50 
1  0  50 50 


step 116
7  3  9  5  
7  3  9  5  
2  2  1  1  
1  0  50 50 
1  0  50 50 


step 117
7  3  9  5  
7  3  9  5  
2  2  1  1  
1  50 50 0  
1  50 50 0  


