step 1
3  50 50 5  
3  50 50 5  
1  1  1  1  
7  2  2  9  
7  0  0  9  


step 2
3  50 50 5  
3  50 50 5  
1  1  1  1  
7  0  0  9  
7  2  2  9  


step 3
3  50 50 5  
3  50 50 5  
1  1  0  1  
7  0  1  9  
7  2  2  9  


step 4
3  50 50 5  
3  50 50 5  
1  1  0  1  
7  1  0  9  
7  2  2  9  


step 5
3  50 50 5  
3  50 50 5  
1  1  1  0  
7  1  0  9  
7  2  2  9  


step 6
3  50 50 5  
3  50 50 5  
1  1  1  9  
7  1  0  9  
7  2  2  0  


step 7
3  50 50 5  
3  50 50 5  
1  1  1  9  
7  1  0  9  
7  0  2  2  


step 8
3  50 50 5  
3  50 50 5  
1  1  1  9  
7  0  0  9  
7  1  2  2  


step 9
3  50 50 5  
3  50 50 5  
1  1  0  9  
7  0  1  9  
7  1  2  2  


step 10
3  50 50 5  
3  50 50 5  
1  1  0  9  
7  1  0  9  
7  1  2  2  


step 11
3  50 50 5  
3  50 50 5  
1  1  9  0  
7  1  9  0  
7  1  2  2  


step 12
3  50 50 0  
3  50 50 5  
1  1  9  5  
7  1  9  0  
7  1  2  2  


step 13
3  50 50 0  
3  50 50 0  
1  1  9  5  
7  1  9  5  
7  1  2  2  


step 14
3  0  50 50 
3  0  50 50 
1  1  9  5  
7  1  9  5  
7  1  2  2  


step 15
3  0  50 50 
3  1  50 50 
1  0  9  5  
7  1  9  5  
7  1  2  2  


step 16
3  0  50 50 
3  1  50 50 
1  1  9  5  
7  0  9  5  
7  1  2  2  


step 17
3  0  50 50 
3  1  50 50 
1  1  9  5  
7  1  9  5  
7  0  2  2  


step 18
3  0  50 50 
3  1  50 50 
1  1  9  5  
7  1  9  5  
7  2  2  0  


step 19
3  0  50 50 
3  1  50 50 
1  1  9  0  
7  1  9  5  
7  2  2  5  


step 20
3  1  50 50 
3  0  50 50 
1  1  9  0  
7  1  9  5  
7  2  2  5  


step 21
3  1  50 50 
3  1  50 50 
1  0  9  0  
7  1  9  5  
7  2  2  5  


step 22
3  1  50 50 
3  1  50 50 
0  1  9  0  
7  1  9  5  
7  2  2  5  


step 23
3  1  50 50 
3  1  50 50 
7  1  9  0  
7  1  9  5  
0  2  2  5  


step 24
3  1  50 50 
3  1  50 50 
7  1  9  0  
7  1  9  5  
2  2  0  5  


step 25
3  1  50 50 
3  1  50 50 
7  1  0  0  
7  1  9  5  
2  2  9  5  


step 26
3  1  0  0  
3  1  50 50 
7  1  50 50 
7  1  9  5  
2  2  9  5  


step 27
3  0  1  0  
3  1  50 50 
7  1  50 50 
7  1  9  5  
2  2  9  5  


step 28
3  1  1  0  
3  0  50 50 
7  1  50 50 
7  1  9  5  
2  2  9  5  


step 29
3  1  1  0  
3  1  50 50 
7  0  50 50 
7  1  9  5  
2  2  9  5  


step 30
3  1  0  1  
3  1  50 50 
7  0  50 50 
7  1  9  5  
2  2  9  5  


step 31
3  0  1  1  
3  1  50 50 
7  0  50 50 
7  1  9  5  
2  2  9  5  


step 32
3  1  1  1  
3  0  50 50 
7  0  50 50 
7  1  9  5  
2  2  9  5  


step 33
3  1  1  1  
3  50 50 0  
7  50 50 0  
7  1  9  5  
2  2  9  5  


step 34
3  1  1  1  
3  50 50 0  
7  50 50 5  
7  1  9  5  
2  2  9  0  


step 35
3  1  1  1  
3  50 50 5  
7  50 50 5  
7  1  9  0  
2  2  9  0  


step 36
3  1  1  1  
3  50 50 5  
7  50 50 5  
7  1  0  9  
2  2  0  9  


step 37
3  1  1  1  
3  50 50 5  
7  50 50 5  
7  0  1  9  
2  2  0  9  


step 38
3  1  1  1  
3  50 50 5  
7  50 50 5  
7  0  0  9  
2  2  1  9  


step 39
3  1  1  1  
3  0  0  5  
7  50 50 5  
7  50 50 9  
2  2  1  9  


step 40
3  1  0  1  
3  0  1  5  
7  50 50 5  
7  50 50 9  
2  2  1  9  


step 41
3  0  1  1  
3  0  1  5  
7  50 50 5  
7  50 50 9  
2  2  1  9  


step 42
0  3  1  1  
0  3  1  5  
7  50 50 5  
7  50 50 9  
2  2  1  9  


step 43
0  3  1  1  
7  3  1  5  
7  50 50 5  
0  50 50 9  
2  2  1  9  


step 44
7  3  1  1  
7  3  1  5  
0  50 50 5  
0  50 50 9  
2  2  1  9  


step 45
7  3  1  1  
7  3  1  5  
50 50 0  5  
50 50 0  9  
2  2  1  9  


step 46
7  3  1  1  
7  3  0  5  
50 50 1  5  
50 50 0  9  
2  2  1  9  


step 47
7  3  1  1  
7  3  0  5  
50 50 0  5  
50 50 1  9  
2  2  1  9  


step 48
7  3  0  1  
7  3  1  5  
50 50 0  5  
50 50 1  9  
2  2  1  9  


step 49
7  3  1  0  
7  3  1  5  
50 50 0  5  
50 50 1  9  
2  2  1  9  


step 50
7  3  1  5  
7  3  1  5  
50 50 0  0  
50 50 1  9  
2  2  1  9  


step 51
7  3  1  5  
7  3  1  5  
50 50 0  9  
50 50 1  9  
2  2  1  0  


step 52
7  3  1  5  
7  3  1  5  
50 50 0  9  
50 50 1  9  
2  2  0  1  


step 53
7  3  1  5  
7  3  1  5  
50 50 0  9  
50 50 0  9  
2  2  1  1  


step 54
7  3  1  5  
7  3  1  5  
0  50 50 9  
0  50 50 9  
2  2  1  1  


step 55
0  3  1  5  
7  3  1  5  
7  50 50 9  
0  50 50 9  
2  2  1  1  


step 56
0  3  1  5  
0  3  1  5  
7  50 50 9  
7  50 50 9  
2  2  1  1  


step 57
3  0  1  5  
3  0  1  5  
7  50 50 9  
7  50 50 9  
2  2  1  1  


step 58
3  0  1  5  
3  1  0  5  
7  50 50 9  
7  50 50 9  
2  2  1  1  


step 59
3  1  0  5  
3  1  0  5  
7  50 50 9  
7  50 50 9  
2  2  1  1  


step 60
3  1  5  0  
3  1  5  0  
7  50 50 9  
7  50 50 9  
2  2  1  1  


step 61
3  1  5  0  
3  1  5  9  
7  50 50 9  
7  50 50 0  
2  2  1  1  


step 62
3  1  5  9  
3  1  5  9  
7  50 50 0  
7  50 50 0  
2  2  1  1  


step 63
3  1  5  9  
3  1  5  9  
7  0  50 50 
7  0  50 50 
2  2  1  1  


step 64
3  1  5  9  
3  1  5  9  
0  7  50 50 
0  7  50 50 
2  2  1  1  


step 65
0  1  5  9  
3  1  5  9  
3  7  50 50 
0  7  50 50 
2  2  1  1  


step 66
1  0  5  9  
3  1  5  9  
3  7  50 50 
0  7  50 50 
2  2  1  1  


step 67
1  1  5  9  
3  0  5  9  
3  7  50 50 
0  7  50 50 
2  2  1  1  


step 68
1  1  5  9  
3  7  5  9  
3  7  50 50 
0  0  50 50 
2  2  1  1  


step 69
1  1  5  9  
3  7  5  9  
3  7  50 50 
2  2  50 50 
0  0  1  1  


step 70
1  1  5  9  
3  7  5  9  
3  7  50 50 
2  2  50 50 
0  1  0  1  


step 71
1  1  5  9  
3  7  5  9  
3  7  50 50 
2  2  50 50 
0  1  1  0  


step 72
1  1  5  9  
3  7  5  9  
3  7  50 50 
2  2  50 50 
1  0  1  0  


step 73
1  1  5  9  
3  7  5  9  
3  7  50 50 
2  2  50 50 
1  1  0  0  


step 74
1  1  5  9  
3  7  5  9  
3  7  0  0  
2  2  50 50 
1  1  50 50 


step 75
1  1  5  0  
3  7  5  9  
3  7  0  9  
2  2  50 50 
1  1  50 50 


step 76
1  1  0  0  
3  7  5  9  
3  7  5  9  
2  2  50 50 
1  1  50 50 


step 77
1  0  1  0  
3  7  5  9  
3  7  5  9  
2  2  50 50 
1  1  50 50 


step 78
1  0  0  1  
3  7  5  9  
3  7  5  9  
2  2  50 50 
1  1  50 50 


step 79
0  1  0  1  
3  7  5  9  
3  7  5  9  
2  2  50 50 
1  1  50 50 


step 80
3  1  0  1  
3  7  5  9  
0  7  5  9  
2  2  50 50 
1  1  50 50 


step 81
3  0  1  1  
3  7  5  9  
0  7  5  9  
2  2  50 50 
1  1  50 50 


step 82
3  7  1  1  
3  7  5  9  
0  0  5  9  
2  2  50 50 
1  1  50 50 


step 83
3  7  1  1  
3  7  5  9  
2  2  5  9  
0  0  50 50 
1  1  50 50 


step 84
3  7  1  1  
3  7  5  9  
2  2  5  9  
0  1  50 50 
1  0  50 50 


step 85
3  7  1  1  
3  7  5  9  
2  2  5  9  
1  0  50 50 
1  0  50 50 


step 86
3  7  1  1  
3  7  5  9  
2  2  5  9  
1  50 50 0  
1  50 50 0  


