step 1
3  50 50 7  
3  50 50 7  
5  1  1  9  
5  1  1  9  
1  0  0  1  


step 2
3  50 50 7  
3  50 50 7  
5  1  1  9  
5  1  0  9  
1  0  1  1  


step 3
3  50 50 7  
3  50 50 7  
5  1  1  9  
5  1  0  9  
1  1  0  1  


step 4
3  50 50 7  
3  50 50 7  
5  1  0  9  
5  1  1  9  
1  1  0  1  


step 5
3  50 50 7  
3  50 50 7  
5  1  0  9  
5  1  0  9  
1  1  1  1  


step 6
3  50 50 7  
3  50 50 7  
5  1  9  0  
5  1  9  0  
1  1  1  1  


step 7
3  50 50 0  
3  50 50 7  
5  1  9  7  
5  1  9  0  
1  1  1  1  


step 8
3  50 50 0  
3  50 50 0  
5  1  9  7  
5  1  9  7  
1  1  1  1  


step 9
3  0  50 50 
3  0  50 50 
5  1  9  7  
5  1  9  7  
1  1  1  1  


step 10
3  0  50 50 
3  1  50 50 
5  0  9  7  
5  1  9  7  
1  1  1  1  


step 11
3  0  50 50 
3  1  50 50 
5  1  9  7  
5  0  9  7  
1  1  1  1  


step 12
3  0  50 50 
3  1  50 50 
5  1  9  7  
5  1  9  7  
1  0  1  1  


step 13
3  0  50 50 
3  1  50 50 
5  1  9  7  
5  1  9  7  
1  1  0  1  


step 14
3  0  50 50 
3  1  50 50 
5  1  9  7  
5  1  9  7  
1  1  1  0  


step 15
3  0  50 50 
3  1  50 50 
5  1  9  0  
5  1  9  7  
1  1  1  7  


step 16
3  1  50 50 
3  0  50 50 
5  1  9  0  
5  1  9  7  
1  1  1  7  


step 17
3  1  50 50 
3  1  50 50 
5  0  9  0  
5  1  9  7  
1  1  1  7  


step 18
3  1  50 50 
3  1  50 50 
5  1  9  0  
5  0  9  7  
1  1  1  7  


step 19
3  1  50 50 
3  1  50 50 
5  1  9  0  
5  1  9  7  
1  0  1  7  


step 20
3  1  50 50 
3  1  50 50 
5  1  9  0  
5  1  9  7  
1  1  0  7  


step 21
3  1  50 50 
3  1  50 50 
5  1  0  0  
5  1  9  7  
1  1  9  7  


step 22
3  1  0  0  
3  1  50 50 
5  1  50 50 
5  1  9  7  
1  1  9  7  


step 23
3  0  1  0  
3  1  50 50 
5  1  50 50 
5  1  9  7  
1  1  9  7  


step 24
3  1  1  0  
3  0  50 50 
5  1  50 50 
5  1  9  7  
1  1  9  7  


step 25
3  1  1  0  
3  1  50 50 
5  0  50 50 
5  1  9  7  
1  1  9  7  


step 26
3  1  0  1  
3  1  50 50 
5  0  50 50 
5  1  9  7  
1  1  9  7  


step 27
3  0  1  1  
3  1  50 50 
5  0  50 50 
5  1  9  7  
1  1  9  7  


step 28
3  1  1  1  
3  0  50 50 
5  0  50 50 
5  1  9  7  
1  1  9  7  


step 29
3  1  1  1  
3  50 50 0  
5  50 50 0  
5  1  9  7  
1  1  9  7  


step 30
3  1  1  1  
3  50 50 0  
5  50 50 7  
5  1  9  7  
1  1  9  0  


step 31
3  1  1  1  
3  50 50 7  
5  50 50 7  
5  1  9  0  
1  1  9  0  


step 32
3  1  1  1  
3  50 50 7  
5  50 50 7  
5  1  0  9  
1  1  0  9  


step 33
3  1  1  1  
3  50 50 7  
5  50 50 7  
5  1  0  9  
1  0  1  9  


step 34
3  1  1  1  
3  50 50 7  
5  50 50 7  
5  0  0  9  
1  1  1  9  


step 35
3  1  1  1  
3  0  0  7  
5  50 50 7  
5  50 50 9  
1  1  1  9  


step 36
3  1  0  1  
3  0  1  7  
5  50 50 7  
5  50 50 9  
1  1  1  9  


step 37
3  0  1  1  
3  0  1  7  
5  50 50 7  
5  50 50 9  
1  1  1  9  


step 38
0  3  1  1  
0  3  1  7  
5  50 50 7  
5  50 50 9  
1  1  1  9  


step 39
0  3  1  1  
5  3  1  7  
5  50 50 7  
0  50 50 9  
1  1  1  9  


step 40
0  3  1  1  
5  3  1  7  
5  50 50 7  
1  50 50 9  
0  1  1  9  


step 41
0  3  1  1  
5  3  1  7  
5  50 50 7  
1  50 50 9  
1  0  1  9  


step 42
0  3  1  1  
5  3  1  7  
5  50 50 7  
1  50 50 9  
1  1  0  9  


step 43
5  3  1  1  
5  3  1  7  
0  50 50 7  
1  50 50 9  
1  1  0  9  


step 44
5  3  1  1  
5  3  1  7  
1  50 50 7  
0  50 50 9  
1  1  0  9  


step 45
5  3  1  1  
5  3  1  7  
1  50 50 7  
1  50 50 9  
0  1  0  9  


step 46
5  3  1  1  
5  3  1  7  
1  50 50 7  
1  50 50 9  
1  0  0  9  


step 47
5  3  1  1  
5  3  1  7  
1  0  0  7  
1  50 50 9  
1  50 50 9  


