step 1
3  50 50 5  
3  50 50 5  
2  2  4  4  
1  1  1  1  
1  0  0  1  


step 2
3  50 50 5  
3  50 50 5  
2  2  4  4  
1  1  1  1  
1  0  1  0  


step 3
3  50 50 5  
3  50 50 5  
2  2  4  4  
1  1  1  1  
1  1  0  0  


step 4
3  50 50 5  
3  50 50 5  
2  2  4  4  
1  1  1  0  
1  1  0  1  


step 5
3  50 50 5  
3  50 50 5  
2  2  4  4  
1  1  0  0  
1  1  1  1  


step 6
3  50 50 5  
3  50 50 5  
2  2  0  0  
1  1  4  4  
1  1  1  1  


step 7
3  50 50 5  
3  50 50 5  
0  2  2  0  
1  1  4  4  
1  1  1  1  


step 8
3  50 50 5  
3  50 50 5  
1  2  2  0  
0  1  4  4  
1  1  1  1  


step 9
3  50 50 5  
3  50 50 5  
1  2  2  0  
1  1  4  4  
0  1  1  1  


step 10
3  50 50 5  
3  50 50 5  
1  2  2  0  
1  1  4  4  
1  0  1  1  


step 11
3  50 50 5  
3  50 50 5  
1  2  2  0  
1  1  4  4  
1  1  0  1  


step 12
3  50 50 5  
3  50 50 5  
1  2  2  0  
1  1  4  4  
1  1  1  0  


step 13
3  50 50 5  
3  50 50 5  
1  0  2  2  
1  1  4  4  
1  1  1  0  


step 14
3  50 50 5  
3  50 50 5  
1  1  2  2  
1  0  4  4  
1  1  1  0  


step 15
3  50 50 5  
3  50 50 5  
1  1  2  2  
1  1  4  4  
1  0  1  0  


step 16
3  50 50 5  
3  50 50 5  
1  1  2  2  
1  1  4  4  
1  1  0  0  


step 17
3  50 50 5  
3  50 50 5  
1  1  2  2  
1  1  0  0  
1  1  4  4  


step 18
3  50 50 5  
3  50 50 5  
1  1  0  0  
1  1  2  2  
1  1  4  4  


step 19
3  50 50 5  
3  50 50 5  
1  0  1  0  
1  1  2  2  
1  1  4  4  


step 20
3  50 50 5  
3  50 50 5  
1  1  1  0  
1  0  2  2  
1  1  4  4  


step 21
3  50 50 5  
3  50 50 5  
1  1  1  0  
0  1  2  2  
1  1  4  4  


step 22
3  50 50 5  
3  50 50 5  
1  1  0  1  
0  1  2  2  
1  1  4  4  


step 23
3  50 50 5  
3  50 50 5  
1  0  1  1  
0  1  2  2  
1  1  4  4  


step 24
3  50 50 5  
3  50 50 5  
0  1  1  1  
0  1  2  2  
1  1  4  4  


step 25
0  50 50 5  
3  50 50 5  
3  1  1  1  
0  1  2  2  
1  1  4  4  


step 26
0  50 50 5  
0  50 50 5  
3  1  1  1  
3  1  2  2  
1  1  4  4  


step 27
50 50 0  5  
50 50 0  5  
3  1  1  1  
3  1  2  2  
1  1  4  4  


step 28
50 50 0  5  
50 50 1  5  
3  1  0  1  
3  1  2  2  
1  1  4  4  


step 29
50 50 0  5  
50 50 1  5  
3  0  1  1  
3  1  2  2  
1  1  4  4  


step 30
50 50 0  5  
50 50 1  5  
3  1  1  1  
3  0  2  2  
1  1  4  4  


step 31
50 50 1  5  
50 50 0  5  
3  1  1  1  
3  0  2  2  
1  1  4  4  


step 32
50 50 1  5  
50 50 1  5  
3  1  0  1  
3  0  2  2  
1  1  4  4  


step 33
50 50 1  5  
50 50 1  5  
3  0  1  1  
3  0  2  2  
1  1  4  4  


step 34
50 50 1  5  
50 50 1  5  
0  3  1  1  
0  3  2  2  
1  1  4  4  


step 35
50 50 1  5  
50 50 1  5  
0  3  1  1  
1  3  2  2  
0  1  4  4  


step 36
50 50 1  5  
50 50 1  5  
0  3  1  1  
1  3  2  2  
1  0  4  4  


step 37
50 50 1  5  
50 50 1  5  
0  3  1  1  
1  3  2  2  
1  4  4  0  


step 38
50 50 1  5  
50 50 1  5  
1  3  1  1  
0  3  2  2  
1  4  4  0  


step 39
50 50 1  5  
50 50 1  5  
1  3  1  1  
1  3  2  2  
0  4  4  0  


step 40
50 50 1  5  
50 50 1  5  
1  3  1  1  
1  3  2  2  
4  4  0  0  


step 41
50 50 1  5  
50 50 1  5  
1  3  1  1  
1  3  0  0  
4  4  2  2  


step 42
50 50 1  5  
50 50 1  5  
1  3  1  0  
1  3  0  1  
4  4  2  2  


step 43
50 50 1  5  
50 50 1  5  
1  3  0  1  
1  3  0  1  
4  4  2  2  


step 44
50 50 1  5  
50 50 1  5  
1  0  3  1  
1  0  3  1  
4  4  2  2  


step 45
50 50 1  5  
50 50 1  5  
1  0  3  1  
0  1  3  1  
4  4  2  2  


step 46
50 50 1  5  
50 50 1  5  
0  0  3  1  
1  1  3  1  
4  4  2  2  


step 47
0  0  1  5  
50 50 1  5  
50 50 3  1  
1  1  3  1  
4  4  2  2  


step 48
0  1  0  5  
50 50 1  5  
50 50 3  1  
1  1  3  1  
4  4  2  2  


step 49
0  1  1  5  
50 50 0  5  
50 50 3  1  
1  1  3  1  
4  4  2  2  


step 50
0  1  1  5  
50 50 3  5  
50 50 3  1  
1  1  0  1  
4  4  2  2  


step 51
0  1  1  5  
50 50 3  5  
50 50 3  1  
1  1  1  0  
4  4  2  2  


step 52
1  0  1  5  
50 50 3  5  
50 50 3  1  
1  1  1  0  
4  4  2  2  


step 53
1  1  0  5  
50 50 3  5  
50 50 3  1  
1  1  1  0  
4  4  2  2  


step 54
1  1  3  5  
50 50 3  5  
50 50 0  1  
1  1  1  0  
4  4  2  2  


step 55
1  1  3  5  
50 50 3  5  
50 50 1  1  
1  1  0  0  
4  4  2  2  


step 56
1  1  3  5  
50 50 3  5  
50 50 1  1  
1  1  2  2  
4  4  0  0  


step 57
1  1  3  5  
50 50 3  5  
50 50 1  1  
1  1  2  2  
0  4  4  0  


step 58
1  1  3  5  
50 50 3  5  
50 50 1  1  
1  1  2  2  
0  0  4  4  


step 59
1  1  3  5  
50 50 3  5  
50 50 1  1  
1  0  2  2  
0  1  4  4  


step 60
1  1  3  5  
50 50 3  5  
50 50 1  1  
0  0  2  2  
1  1  4  4  


step 61
1  1  3  5  
0  0  3  5  
50 50 1  1  
50 50 2  2  
1  1  4  4  


step 62
1  0  3  5  
0  1  3  5  
50 50 1  1  
50 50 2  2  
1  1  4  4  


step 63
1  0  3  5  
1  0  3  5  
50 50 1  1  
50 50 2  2  
1  1  4  4  


step 64
1  3  0  5  
1  3  0  5  
50 50 1  1  
50 50 2  2  
1  1  4  4  


step 65
1  3  0  5  
1  3  1  5  
50 50 0  1  
50 50 2  2  
1  1  4  4  


step 66
1  3  0  5  
1  3  1  5  
50 50 1  0  
50 50 2  2  
1  1  4  4  


step 67
1  3  1  5  
1  3  0  5  
50 50 1  0  
50 50 2  2  
1  1  4  4  


step 68
1  3  1  5  
1  3  1  5  
50 50 0  0  
50 50 2  2  
1  1  4  4  


step 69
1  3  1  5  
1  3  1  5  
50 50 2  2  
50 50 0  0  
1  1  4  4  


step 70
1  3  1  5  
1  3  1  5  
50 50 2  2  
50 50 4  4  
1  1  0  0  


step 71
1  3  1  5  
1  3  1  5  
50 50 2  2  
50 50 4  4  
1  0  1  0  


step 72
1  3  1  5  
1  3  1  5  
50 50 2  2  
50 50 4  4  
1  0  0  1  


step 73
1  3  1  5  
1  3  1  5  
50 50 2  2  
50 50 4  4  
0  1  0  1  


step 74
1  3  1  5  
1  3  1  5  
50 50 2  2  
50 50 4  4  
0  0  1  1  


step 75
1  3  1  5  
1  3  1  5  
0  0  2  2  
50 50 4  4  
50 50 1  1  


step 76
1  3  1  5  
1  3  1  5  
0  2  2  0  
50 50 4  4  
50 50 1  1  


step 77
1  3  1  5  
1  3  1  5  
2  2  0  0  
50 50 4  4  
50 50 1  1  


step 78
1  3  1  5  
1  3  1  5  
2  2  4  4  
50 50 0  0  
50 50 1  1  


step 79
1  3  1  5  
1  3  1  5  
2  2  4  4  
50 50 0  1  
50 50 1  0  


step 80
1  3  1  5  
1  3  1  5  
2  2  4  4  
50 50 0  1  
50 50 0  1  


step 81
1  3  1  5  
1  3  1  5  
2  2  4  4  
0  50 50 1  
0  50 50 1  


