step 1
1  50 50 1  
1  50 50 1  
2  2  4  4  
6  6  8  8  
1  0  0  1  


step 2
1  50 50 1  
1  50 50 1  
2  2  4  4  
6  6  8  8  
1  0  1  0  


step 3
1  50 50 1  
1  50 50 1  
2  2  4  4  
6  6  8  8  
1  1  0  0  


step 4
1  50 50 1  
1  50 50 1  
2  2  4  4  
6  6  0  0  
1  1  8  8  


step 5
1  50 50 1  
1  50 50 1  
2  2  4  4  
0  6  6  0  
1  1  8  8  


step 6
1  50 50 1  
1  50 50 1  
2  2  4  4  
0  0  6  6  
1  1  8  8  


step 7
1  50 50 1  
1  50 50 1  
0  0  4  4  
2  2  6  6  
1  1  8  8  


step 8
1  50 50 1  
0  50 50 1  
1  0  4  4  
2  2  6  6  
1  1  8  8  


step 9
1  50 50 1  
0  50 50 1  
0  1  4  4  
2  2  6  6  
1  1  8  8  


step 10
0  50 50 1  
1  50 50 1  
0  1  4  4  
2  2  6  6  
1  1  8  8  


step 11
0  50 50 1  
0  50 50 1  
1  1  4  4  
2  2  6  6  
1  1  8  8  


step 12
50 50 0  1  
50 50 0  1  
1  1  4  4  
2  2  6  6  
1  1  8  8  


step 13
50 50 0  1  
50 50 1  0  
1  1  4  4  
2  2  6  6  
1  1  8  8  


step 14
50 50 1  1  
50 50 0  0  
1  1  4  4  
2  2  6  6  
1  1  8  8  


step 15
50 50 1  1  
50 50 4  4  
1  1  0  0  
2  2  6  6  
1  1  8  8  


step 16
50 50 1  1  
50 50 4  4  
1  0  1  0  
2  2  6  6  
1  1  8  8  


step 17
50 50 1  1  
50 50 4  4  
1  0  0  1  
2  2  6  6  
1  1  8  8  


step 18
50 50 1  1  
50 50 4  4  
0  1  0  1  
2  2  6  6  
1  1  8  8  


step 19
50 50 1  1  
50 50 4  4  
0  0  1  1  
2  2  6  6  
1  1  8  8  


step 20
0  0  1  1  
50 50 4  4  
50 50 1  1  
2  2  6  6  
1  1  8  8  


step 21
0  1  0  1  
50 50 4  4  
50 50 1  1  
2  2  6  6  
1  1  8  8  


step 22
0  1  1  0  
50 50 4  4  
50 50 1  1  
2  2  6  6  
1  1  8  8  


step 23
1  0  1  0  
50 50 4  4  
50 50 1  1  
2  2  6  6  
1  1  8  8  


step 24
1  1  0  0  
50 50 4  4  
50 50 1  1  
2  2  6  6  
1  1  8  8  


step 25
1  1  4  4  
50 50 0  0  
50 50 1  1  
2  2  6  6  
1  1  8  8  


step 26
1  1  4  4  
50 50 0  1  
50 50 1  0  
2  2  6  6  
1  1  8  8  


step 27
1  1  4  4  
50 50 1  1  
50 50 0  0  
2  2  6  6  
1  1  8  8  


step 28
1  1  4  4  
50 50 1  1  
50 50 6  6  
2  2  0  0  
1  1  8  8  


step 29
1  1  4  4  
50 50 1  1  
50 50 6  6  
0  2  2  0  
1  1  8  8  


step 30
1  1  4  4  
50 50 1  1  
50 50 6  6  
0  0  2  2  
1  1  8  8  


step 31
1  1  4  4  
0  0  1  1  
50 50 6  6  
50 50 2  2  
1  1  8  8  


step 32
1  1  4  4  
0  1  0  1  
50 50 6  6  
50 50 2  2  
1  1  8  8  


step 33
1  1  4  4  
0  1  1  0  
50 50 6  6  
50 50 2  2  
1  1  8  8  


step 34
1  1  4  4  
1  0  1  0  
50 50 6  6  
50 50 2  2  
1  1  8  8  


step 35
1  1  4  4  
1  1  0  0  
50 50 6  6  
50 50 2  2  
1  1  8  8  


step 36
1  1  4  4  
1  1  6  6  
50 50 0  0  
50 50 2  2  
1  1  8  8  


step 37
1  1  4  4  
1  1  6  6  
50 50 2  2  
50 50 0  0  
1  1  8  8  


step 38
1  1  4  4  
1  1  6  6  
50 50 2  2  
50 50 8  8  
1  1  0  0  


step 39
1  1  4  4  
1  1  6  6  
50 50 2  2  
50 50 8  8  
1  0  1  0  


step 40
1  1  4  4  
1  1  6  6  
50 50 2  2  
50 50 8  8  
1  0  0  1  


step 41
1  1  4  4  
1  1  6  6  
50 50 2  2  
50 50 8  8  
0  1  0  1  


step 42
1  1  4  4  
1  1  6  6  
50 50 2  2  
50 50 8  8  
0  0  1  1  


step 43
1  1  4  4  
1  1  6  6  
0  0  2  2  
50 50 8  8  
50 50 1  1  


step 44
1  1  4  4  
1  1  6  6  
0  2  2  0  
50 50 8  8  
50 50 1  1  


step 45
1  1  4  4  
1  1  6  6  
2  2  0  0  
50 50 8  8  
50 50 1  1  


step 46
1  1  4  4  
1  1  6  6  
2  2  8  8  
50 50 0  0  
50 50 1  1  


step 47
1  1  4  4  
1  1  6  6  
2  2  8  8  
50 50 0  1  
50 50 1  0  


step 48
1  1  4  4  
1  1  6  6  
2  2  8  8  
50 50 0  1  
50 50 0  1  


step 49
1  1  4  4  
1  1  6  6  
2  2  8  8  
0  50 50 1  
0  50 50 1  


