step 1
3  50 50 5  
3  50 50 5  
1  1  1  1  
2  2  4  4  
1  0  0  1  


step 2
3  50 50 5  
3  50 50 5  
1  1  1  1  
2  2  4  4  
1  0  1  0  


step 3
3  50 50 5  
3  50 50 5  
1  1  1  1  
2  2  4  4  
1  1  0  0  


step 4
3  50 50 5  
3  50 50 5  
1  1  1  1  
2  2  0  0  
1  1  4  4  


step 5
3  50 50 5  
3  50 50 5  
1  1  1  1  
0  2  2  0  
1  1  4  4  


step 6
3  50 50 5  
3  50 50 5  
1  1  1  1  
0  0  2  2  
1  1  4  4  


step 7
3  50 50 5  
3  50 50 5  
1  0  1  1  
0  1  2  2  
1  1  4  4  


step 8
3  50 50 5  
3  50 50 5  
0  1  1  1  
0  1  2  2  
1  1  4  4  


step 9
0  50 50 5  
3  50 50 5  
3  1  1  1  
0  1  2  2  
1  1  4  4  


step 10
0  50 50 5  
0  50 50 5  
3  1  1  1  
3  1  2  2  
1  1  4  4  


step 11
50 50 0  5  
50 50 0  5  
3  1  1  1  
3  1  2  2  
1  1  4  4  


step 12
50 50 0  5  
50 50 1  5  
3  1  0  1  
3  1  2  2  
1  1  4  4  


step 13
50 50 0  5  
50 50 1  5  
3  0  1  1  
3  1  2  2  
1  1  4  4  


step 14
50 50 0  5  
50 50 1  5  
3  1  1  1  
3  0  2  2  
1  1  4  4  


step 15
50 50 1  5  
50 50 0  5  
3  1  1  1  
3  0  2  2  
1  1  4  4  


step 16
50 50 1  5  
50 50 1  5  
3  1  0  1  
3  0  2  2  
1  1  4  4  


step 17
50 50 1  5  
50 50 1  5  
3  0  1  1  
3  0  2  2  
1  1  4  4  


step 18
50 50 1  5  
50 50 1  5  
0  3  1  1  
0  3  2  2  
1  1  4  4  


step 19
50 50 1  5  
50 50 1  5  
0  3  1  1  
1  3  2  2  
0  1  4  4  


step 20
50 50 1  5  
50 50 1  5  
0  3  1  1  
1  3  2  2  
1  0  4  4  


step 21
50 50 1  5  
50 50 1  5  
0  3  1  1  
1  3  2  2  
1  4  4  0  


step 22
50 50 1  5  
50 50 1  5  
1  3  1  1  
0  3  2  2  
1  4  4  0  


step 23
50 50 1  5  
50 50 1  5  
1  3  1  1  
1  3  2  2  
0  4  4  0  


step 24
50 50 1  5  
50 50 1  5  
1  3  1  1  
1  3  2  2  
4  4  0  0  


step 25
50 50 1  5  
50 50 1  5  
1  3  1  1  
1  3  0  0  
4  4  2  2  


step 26
50 50 1  5  
50 50 1  5  
1  3  1  0  
1  3  0  1  
4  4  2  2  


step 27
50 50 1  5  
50 50 1  5  
1  3  0  1  
1  3  0  1  
4  4  2  2  


step 28
50 50 1  5  
50 50 1  5  
1  0  3  1  
1  0  3  1  
4  4  2  2  


step 29
50 50 1  5  
50 50 1  5  
1  0  3  1  
0  1  3  1  
4  4  2  2  


step 30
50 50 1  5  
50 50 1  5  
0  0  3  1  
1  1  3  1  
4  4  2  2  


step 31
0  0  1  5  
50 50 1  5  
50 50 3  1  
1  1  3  1  
4  4  2  2  


step 32
0  1  0  5  
50 50 1  5  
50 50 3  1  
1  1  3  1  
4  4  2  2  


step 33
0  1  1  5  
50 50 0  5  
50 50 3  1  
1  1  3  1  
4  4  2  2  


step 34
0  1  1  5  
50 50 3  5  
50 50 3  1  
1  1  0  1  
4  4  2  2  


step 35
0  1  1  5  
50 50 3  5  
50 50 3  1  
1  1  1  0  
4  4  2  2  


step 36
1  0  1  5  
50 50 3  5  
50 50 3  1  
1  1  1  0  
4  4  2  2  


step 37
1  1  0  5  
50 50 3  5  
50 50 3  1  
1  1  1  0  
4  4  2  2  


step 38
1  1  3  5  
50 50 3  5  
50 50 0  1  
1  1  1  0  
4  4  2  2  


step 39
1  1  3  5  
50 50 3  5  
50 50 1  1  
1  1  0  0  
4  4  2  2  


step 40
1  1  3  5  
50 50 3  5  
50 50 1  1  
1  1  2  2  
4  4  0  0  


step 41
1  1  3  5  
50 50 3  5  
50 50 1  1  
1  1  2  2  
0  4  4  0  


step 42
1  1  3  5  
50 50 3  5  
50 50 1  1  
1  1  2  2  
0  0  4  4  


step 43
1  1  3  5  
50 50 3  5  
50 50 1  1  
1  0  2  2  
0  1  4  4  


step 44
1  1  3  5  
50 50 3  5  
50 50 1  1  
0  0  2  2  
1  1  4  4  


step 45
1  1  3  5  
0  0  3  5  
50 50 1  1  
50 50 2  2  
1  1  4  4  


step 46
1  0  3  5  
0  1  3  5  
50 50 1  1  
50 50 2  2  
1  1  4  4  


step 47
1  0  3  5  
1  0  3  5  
50 50 1  1  
50 50 2  2  
1  1  4  4  


step 48
1  3  0  5  
1  3  0  5  
50 50 1  1  
50 50 2  2  
1  1  4  4  


step 49
1  3  0  5  
1  3  1  5  
50 50 0  1  
50 50 2  2  
1  1  4  4  


step 50
1  3  0  5  
1  3  1  5  
50 50 1  0  
50 50 2  2  
1  1  4  4  


step 51
1  3  1  5  
1  3  0  5  
50 50 1  0  
50 50 2  2  
1  1  4  4  


step 52
1  3  1  5  
1  3  1  5  
50 50 0  0  
50 50 2  2  
1  1  4  4  


step 53
1  3  1  5  
1  3  1  5  
50 50 2  2  
50 50 0  0  
1  1  4  4  


step 54
1  3  1  5  
1  3  1  5  
50 50 2  2  
50 50 4  4  
1  1  0  0  


step 55
1  3  1  5  
1  3  1  5  
50 50 2  2  
50 50 4  4  
1  0  1  0  


step 56
1  3  1  5  
1  3  1  5  
50 50 2  2  
50 50 4  4  
1  0  0  1  


step 57
1  3  1  5  
1  3  1  5  
50 50 2  2  
50 50 4  4  
0  1  0  1  


step 58
1  3  1  5  
1  3  1  5  
50 50 2  2  
50 50 4  4  
0  0  1  1  


step 59
1  3  1  5  
1  3  1  5  
0  0  2  2  
50 50 4  4  
50 50 1  1  


step 60
1  3  1  5  
1  3  1  5  
0  2  2  0  
50 50 4  4  
50 50 1  1  


step 61
1  3  1  5  
1  3  1  5  
2  2  0  0  
50 50 4  4  
50 50 1  1  


step 62
1  3  1  5  
1  3  1  5  
2  2  4  4  
50 50 0  0  
50 50 1  1  


step 63
1  3  1  5  
1  3  1  5  
2  2  4  4  
50 50 0  1  
50 50 1  0  


step 64
1  3  1  5  
1  3  1  5  
2  2  4  4  
50 50 0  1  
50 50 0  1  


step 65
1  3  1  5  
1  3  1  5  
2  2  4  4  
0  50 50 1  
0  50 50 1  


