step 1
3  50 50 5  
3  50 50 5  
2  2  4  4  
1  6  6  1  
1  0  0  1  


step 2
3  50 50 5  
3  50 50 5  
2  2  4  4  
1  0  0  1  
1  6  6  1  


step 3
3  50 50 5  
3  50 50 5  
2  2  4  4  
1  0  1  0  
1  6  6  1  


step 4
3  50 50 5  
3  50 50 5  
2  2  4  4  
1  1  0  0  
1  6  6  1  


step 5
3  50 50 5  
3  50 50 5  
2  2  0  0  
1  1  4  4  
1  6  6  1  


step 6
3  50 50 5  
3  50 50 5  
0  2  2  0  
1  1  4  4  
1  6  6  1  


step 7
3  50 50 5  
3  50 50 5  
1  2  2  0  
0  1  4  4  
1  6  6  1  


step 8
3  50 50 5  
3  50 50 5  
1  2  2  0  
1  0  4  4  
1  6  6  1  


step 9
3  50 50 5  
3  50 50 5  
1  2  2  0  
1  4  4  0  
1  6  6  1  


step 10
3  50 50 0  
3  50 50 5  
1  2  2  5  
1  4  4  0  
1  6  6  1  


step 11
3  50 50 0  
3  50 50 0  
1  2  2  5  
1  4  4  5  
1  6  6  1  


step 12
3  0  50 50 
3  0  50 50 
1  2  2  5  
1  4  4  5  
1  6  6  1  


step 13
0  3  50 50 
0  3  50 50 
1  2  2  5  
1  4  4  5  
1  6  6  1  


step 14
0  3  50 50 
1  3  50 50 
0  2  2  5  
1  4  4  5  
1  6  6  1  


step 15
0  3  50 50 
1  3  50 50 
1  2  2  5  
0  4  4  5  
1  6  6  1  


step 16
0  3  50 50 
1  3  50 50 
1  2  2  5  
1  4  4  5  
0  6  6  1  


step 17
0  3  50 50 
1  3  50 50 
1  2  2  5  
1  4  4  5  
6  6  0  1  


step 18
0  3  50 50 
1  3  50 50 
1  2  2  5  
1  4  4  5  
6  6  1  0  


step 19
0  3  50 50 
1  3  50 50 
1  2  2  0  
1  4  4  5  
6  6  1  5  


step 20
0  3  50 50 
1  3  50 50 
1  0  2  2  
1  4  4  5  
6  6  1  5  


step 21
1  3  50 50 
0  3  50 50 
1  0  2  2  
1  4  4  5  
6  6  1  5  


step 22
1  3  50 50 
1  3  50 50 
0  0  2  2  
1  4  4  5  
6  6  1  5  


step 23
1  0  50 50 
1  3  50 50 
0  3  2  2  
1  4  4  5  
6  6  1  5  


step 24
0  1  50 50 
1  3  50 50 
0  3  2  2  
1  4  4  5  
6  6  1  5  


step 25
1  1  50 50 
0  3  50 50 
0  3  2  2  
1  4  4  5  
6  6  1  5  


step 26
1  1  50 50 
3  0  50 50 
3  0  2  2  
1  4  4  5  
6  6  1  5  


step 27
1  1  50 50 
3  0  50 50 
3  2  2  0  
1  4  4  5  
6  6  1  5  


step 28
1  1  50 50 
3  0  50 50 
3  2  2  5  
1  4  4  5  
6  6  1  0  


step 29
1  1  50 50 
3  0  50 50 
3  2  2  5  
1  4  4  5  
6  6  0  1  


step 30
1  1  50 50 
3  0  50 50 
3  2  2  5  
1  4  4  5  
0  6  6  1  


step 31
1  1  50 50 
3  0  50 50 
3  2  2  5  
0  4  4  5  
1  6  6  1  


step 32
1  1  50 50 
0  0  50 50 
3  2  2  5  
3  4  4  5  
1  6  6  1  


step 33
1  0  50 50 
0  1  50 50 
3  2  2  5  
3  4  4  5  
1  6  6  1  


step 34
1  0  50 50 
1  0  50 50 
3  2  2  5  
3  4  4  5  
1  6  6  1  


step 35
1  50 50 0  
1  50 50 0  
3  2  2  5  
3  4  4  5  
1  6  6  1  


step 36
1  50 50 0  
1  50 50 5  
3  2  2  5  
3  4  4  0  
1  6  6  1  


step 37
1  50 50 0  
1  50 50 5  
3  2  2  5  
3  4  4  1  
1  6  6  0  


step 38
1  50 50 0  
1  50 50 5  
3  2  2  5  
3  4  4  1  
1  0  6  6  


step 39
1  50 50 0  
1  50 50 5  
3  2  2  5  
3  4  4  1  
0  1  6  6  


step 40
1  50 50 0  
1  50 50 5  
0  2  2  5  
3  4  4  1  
3  1  6  6  


step 41
1  50 50 0  
1  50 50 5  
2  2  0  5  
3  4  4  1  
3  1  6  6  


step 42
1  50 50 5  
1  50 50 5  
2  2  0  0  
3  4  4  1  
3  1  6  6  


step 43
1  50 50 5  
1  50 50 5  
2  2  0  1  
3  4  4  0  
3  1  6  6  


step 44
1  50 50 5  
1  50 50 5  
2  2  1  0  
3  4  4  0  
3  1  6  6  


step 45
1  50 50 0  
1  50 50 5  
2  2  1  5  
3  4  4  0  
3  1  6  6  


step 46
1  50 50 0  
1  50 50 0  
2  2  1  5  
3  4  4  5  
3  1  6  6  


step 47
1  0  50 50 
1  0  50 50 
2  2  1  5  
3  4  4  5  
3  1  6  6  


step 48
1  0  50 50 
0  1  50 50 
2  2  1  5  
3  4  4  5  
3  1  6  6  


step 49
1  1  50 50 
0  0  50 50 
2  2  1  5  
3  4  4  5  
3  1  6  6  


step 50
1  1  50 50 
2  2  50 50 
0  0  1  5  
3  4  4  5  
3  1  6  6  


step 51
1  1  50 50 
2  2  50 50 
3  0  1  5  
3  4  4  5  
0  1  6  6  


step 52
1  1  50 50 
2  2  50 50 
3  0  1  5  
3  4  4  5  
1  0  6  6  


step 53
1  1  50 50 
2  2  50 50 
3  0  1  5  
3  4  4  5  
1  6  6  0  


step 54
1  1  50 50 
2  2  50 50 
3  0  1  0  
3  4  4  5  
1  6  6  5  


step 55
1  1  50 50 
2  2  50 50 
3  1  0  0  
3  4  4  5  
1  6  6  5  


step 56
1  1  0  0  
2  2  50 50 
3  1  50 50 
3  4  4  5  
1  6  6  5  


step 57
1  0  1  0  
2  2  50 50 
3  1  50 50 
3  4  4  5  
1  6  6  5  


step 58
1  0  0  1  
2  2  50 50 
3  1  50 50 
3  4  4  5  
1  6  6  5  


step 59
0  1  0  1  
2  2  50 50 
3  1  50 50 
3  4  4  5  
1  6  6  5  


step 60
0  0  1  1  
2  2  50 50 
3  1  50 50 
3  4  4  5  
1  6  6  5  


step 61
2  2  1  1  
0  0  50 50 
3  1  50 50 
3  4  4  5  
1  6  6  5  


step 62
2  2  1  1  
0  1  50 50 
3  0  50 50 
3  4  4  5  
1  6  6  5  


step 63
2  2  1  1  
1  0  50 50 
3  0  50 50 
3  4  4  5  
1  6  6  5  


step 64
2  2  1  1  
1  50 50 0  
3  50 50 0  
3  4  4  5  
1  6  6  5  


step 65
2  2  1  0  
1  50 50 1  
3  50 50 0  
3  4  4  5  
1  6  6  5  


step 66
2  2  1  0  
1  50 50 0  
3  50 50 1  
3  4  4  5  
1  6  6  5  


step 67
2  2  0  1  
1  50 50 0  
3  50 50 1  
3  4  4  5  
1  6  6  5  


step 68
2  2  0  0  
1  50 50 1  
3  50 50 1  
3  4  4  5  
1  6  6  5  


step 69
0  2  2  0  
1  50 50 1  
3  50 50 1  
3  4  4  5  
1  6  6  5  


step 70
1  2  2  0  
0  50 50 1  
3  50 50 1  
3  4  4  5  
1  6  6  5  


step 71
1  2  2  0  
3  50 50 1  
3  50 50 1  
0  4  4  5  
1  6  6  5  


step 72
1  2  2  0  
3  50 50 1  
3  50 50 1  
1  4  4  5  
0  6  6  5  


step 73
1  2  2  0  
3  50 50 1  
3  50 50 1  
1  4  4  5  
6  6  0  5  


step 74
1  0  2  2  
3  50 50 1  
3  50 50 1  
1  4  4  5  
6  6  0  5  


step 75
0  1  2  2  
3  50 50 1  
3  50 50 1  
1  4  4  5  
6  6  0  5  


step 76
3  1  2  2  
3  50 50 1  
0  50 50 1  
1  4  4  5  
6  6  0  5  


step 77
3  1  2  2  
3  50 50 1  
1  50 50 1  
0  4  4  5  
6  6  0  5  


step 78
3  1  2  2  
3  50 50 1  
1  50 50 1  
4  4  0  5  
6  6  0  5  


step 79
3  1  2  2  
3  50 50 1  
1  50 50 1  
4  4  5  0  
6  6  5  0  


step 80
3  1  2  2  
3  50 50 1  
1  50 50 0  
4  4  5  1  
6  6  5  0  


step 81
3  1  2  2  
3  50 50 1  
1  50 50 0  
4  4  5  0  
6  6  5  1  


step 82
3  1  2  2  
3  50 50 0  
1  50 50 1  
4  4  5  0  
6  6  5  1  


step 83
3  1  2  2  
3  50 50 0  
1  50 50 0  
4  4  5  1  
6  6  5  1  


step 84
3  1  2  2  
3  0  50 50 
1  0  50 50 
4  4  5  1  
6  6  5  1  


step 85
3  1  2  2  
3  0  50 50 
0  1  50 50 
4  4  5  1  
6  6  5  1  


step 86
3  0  2  2  
3  1  50 50 
0  1  50 50 
4  4  5  1  
6  6  5  1  


step 87
3  2  2  0  
3  1  50 50 
0  1  50 50 
4  4  5  1  
6  6  5  1  


step 88
0  2  2  0  
3  1  50 50 
3  1  50 50 
4  4  5  1  
6  6  5  1  


step 89
2  2  0  0  
3  1  50 50 
3  1  50 50 
4  4  5  1  
6  6  5  1  


step 90
2  2  50 50 
3  1  50 50 
3  1  0  0  
4  4  5  1  
6  6  5  1  


step 91
2  2  50 50 
3  1  50 50 
3  1  0  1  
4  4  5  0  
6  6  5  1  


step 92
2  2  50 50 
3  1  50 50 
3  1  0  1  
4  4  5  1  
6  6  5  0  


step 93
2  2  50 50 
3  1  50 50 
3  1  5  1  
4  4  5  1  
6  6  0  0  


step 94
2  2  50 50 
3  1  50 50 
3  1  5  1  
4  4  5  1  
0  6  6  0  


step 95
2  2  50 50 
3  1  50 50 
3  1  5  1  
4  4  5  1  
0  0  6  6  


step 96
2  2  50 50 
3  1  50 50 
3  1  5  1  
0  0  5  1  
4  4  6  6  


step 97
2  2  50 50 
0  1  50 50 
3  1  5  1  
3  0  5  1  
4  4  6  6  


step 98
2  2  50 50 
1  0  50 50 
3  1  5  1  
3  0  5  1  
4  4  6  6  


step 99
2  2  50 50 
1  1  50 50 
3  0  5  1  
3  0  5  1  
4  4  6  6  


step 100
2  2  50 50 
1  1  50 50 
3  5  0  1  
3  5  0  1  
4  4  6  6  


step 101
2  2  50 50 
1  1  50 50 
3  5  0  1  
3  5  1  0  
4  4  6  6  


step 102
2  2  50 50 
1  1  50 50 
3  5  0  0  
3  5  1  1  
4  4  6  6  


step 103
2  2  0  0  
1  1  50 50 
3  5  50 50 
3  5  1  1  
4  4  6  6  


step 104
0  2  2  0  
1  1  50 50 
3  5  50 50 
3  5  1  1  
4  4  6  6  


step 105
1  2  2  0  
0  1  50 50 
3  5  50 50 
3  5  1  1  
4  4  6  6  


step 106
1  2  2  0  
3  1  50 50 
3  5  50 50 
0  5  1  1  
4  4  6  6  


step 107
1  0  2  2  
3  1  50 50 
3  5  50 50 
0  5  1  1  
4  4  6  6  


step 108
1  1  2  2  
3  0  50 50 
3  5  50 50 
0  5  1  1  
4  4  6  6  


step 109
1  1  2  2  
3  5  50 50 
3  5  50 50 
0  0  1  1  
4  4  6  6  


step 110
1  1  2  2  
3  5  50 50 
3  5  50 50 
4  4  1  1  
0  0  6  6  


step 111
1  1  2  2  
3  5  50 50 
3  5  50 50 
4  4  1  1  
0  6  6  0  


step 112
1  1  2  2  
3  5  50 50 
3  5  50 50 
4  4  1  1  
6  6  0  0  


step 113
1  1  2  2  
3  5  50 50 
3  5  50 50 
4  4  1  0  
6  6  0  1  


step 114
1  1  2  2  
3  5  50 50 
3  5  50 50 
4  4  0  0  
6  6  1  1  


step 115
1  1  2  2  
3  5  0  0  
3  5  50 50 
4  4  50 50 
6  6  1  1  


step 116
1  1  0  0  
3  5  2  2  
3  5  50 50 
4  4  50 50 
6  6  1  1  


step 117
1  0  1  0  
3  5  2  2  
3  5  50 50 
4  4  50 50 
6  6  1  1  


step 118
1  0  0  1  
3  5  2  2  
3  5  50 50 
4  4  50 50 
6  6  1  1  


step 119
0  1  0  1  
3  5  2  2  
3  5  50 50 
4  4  50 50 
6  6  1  1  


step 120
3  1  0  1  
3  5  2  2  
0  5  50 50 
4  4  50 50 
6  6  1  1  


step 121
3  0  1  1  
3  5  2  2  
0  5  50 50 
4  4  50 50 
6  6  1  1  


step 122
3  5  1  1  
3  5  2  2  
0  0  50 50 
4  4  50 50 
6  6  1  1  


step 123
3  5  1  1  
3  5  2  2  
4  4  50 50 
0  0  50 50 
6  6  1  1  


step 124
3  5  1  1  
3  5  2  2  
4  4  50 50 
6  6  50 50 
0  0  1  1  


step 125
3  5  1  1  
3  5  2  2  
4  4  50 50 
6  6  50 50 
0  1  0  1  


step 126
3  5  1  1  
3  5  2  2  
4  4  50 50 
6  6  50 50 
0  1  1  0  


step 127
3  5  1  1  
3  5  2  2  
4  4  50 50 
6  6  50 50 
1  0  1  0  


step 128
3  5  1  1  
3  5  2  2  
4  4  50 50 
6  6  50 50 
1  1  0  0  


step 129
3  5  1  1  
3  5  2  2  
4  4  0  0  
6  6  50 50 
1  1  50 50 


step 130
3  5  1  1  
3  5  2  2  
0  4  4  0  
6  6  50 50 
1  1  50 50 


step 131
3  5  1  1  
3  5  2  2  
0  0  4  4  
6  6  50 50 
1  1  50 50 


step 132
3  5  1  1  
3  5  2  2  
6  6  4  4  
0  0  50 50 
1  1  50 50 


step 133
3  5  1  1  
3  5  2  2  
6  6  4  4  
0  1  50 50 
1  0  50 50 


step 134
3  5  1  1  
3  5  2  2  
6  6  4  4  
1  0  50 50 
1  0  50 50 


step 135
3  5  1  1  
3  5  2  2  
6  6  4  4  
1  50 50 0  
1  50 50 0  


